DATE;TIME;TIMEZONE;VERSION;SMPU;SMPE;SMPUE;BBI;AZI;B1;B2;B3;B4;B5;B6;B7;B8;B9;B10;B11;B12;B13;B14
31.07.2018;00:00:00;UTC+2;USATBOESG-2;1;0;0;3;0;1006.1087;0.5;30.6522;1;0;0;;0;0;0;0;0;0;0
31.07.2018;00:01:00;UTC+2;USATBOESG-2;1;0;0;3;0;1006.1035;0.4798;30.6473;1;0;0;;0;0;0;0;0;0;0
31.07.2018;00:02:00;UTC+2;USATBOESG-2;1;0;0;3;0;1006.0935;0.4697;30.6485;1;0;0;;0;0;0;0;0;0;0
31.07.2018;00:03:00;UTC+2;USATBOESG-2;1;0;0;3;0;1006.0935;0.4497;30.6458;1;0;0;;0;0;0;0;0;0;0
31.07.2018;00:04:00;UTC+2;USATBOESG-2;1;0;0;3;0;1006.0928;0.43;30.643;1;0;0;;0;0;0;0;0;0;0
31.07.2018;00:05:00;UTC+2;USATBOESG-2;1;0;0;3;0;1006.0955;0.4298;30.6438;1;0;0;;0;0;0;0;0;0;0
31.07.2018;00:06:00;UTC+2;USATBOESG-2;1;0;0;3;0;1006.0955;0.4198;30.6422;1.0167;0;0;;0;0;0;0;0;0;0
31.07.2018;00:07:00;UTC+2;USATBOESG-2;1;0;0;3;0;1006.0992;0.41;30.6423;2;0;0;;0;0;0;0;0;0;0
31.07.2018;00:08:00;UTC+2;USATBOESG-2;1;0;0;3;0;1006.1143;0.4097;30.641;2;0;0;;0;0;0;0;0;0;0
31.07.2018;00:09:00;UTC+2;USATBOESG-2;1;0;0;3;0;1006.1107;0.3997;30.6348;2;0;0;;0;0;0;0;0;0;0
31.07.2018;00:10:00;UTC+2;USATBOESG-2;1;0;0;3;0;1006.11;0.3897;30.6387;2;0;0;;0;0;0;0;0;0;0
31.07.2018;00:11:00;UTC+2;USATBOESG-2;1;0;0;3;0;1006.118;0.38;30.6365;2;0;0;;0;0;0;0;0;0;0
31.07.2018;00:12:00;UTC+2;USATBOESG-2;1;0;0;3;0;1006.1227;0.38;30.6337;2;0;0;;0;0;0;0;0;0;0
31.07.2018;00:13:00;UTC+2;USATBOESG-2;1;0;0;3;0;1006.1398;0.3803;30.6327;2;0;0;;0;0;0;0;0;0;0
31.07.2018;00:14:00;UTC+2;USATBOESG-2;1;0;0;3;0;1006.1497;0.39;30.6322;2;0;0;;0;0;0;0;0;0;0
31.07.2018;00:15:00;UTC+2;USATBOESG-2;1;0;0;3;0;1006.1642;0.4;30.6305;2;0;0;;0;0;0;0;0;0;0
31.07.2018;00:16:00;UTC+2;USATBOESG-2;1;0;0;3;0;1006.1742;0.4;30.6275;2;0;0;;0;0;0;0;0;0;0
31.07.2018;00:17:00;UTC+2;USATBOESG-2;1;0;0;3;0;1006.1947;0.41;30.6272;2;0;0;;0;0;0;0;0;0;0
31.07.2018;00:18:00;UTC+2;USATBOESG-2;1;0;0;3;0;1006.2023;0.4198;30.627;2;0;0;;0;0;0;0;0;0;0
31.07.2018;00:19:00;UTC+2;USATBOESG-2;1;0;0;3;0;1006.2113;0.4097;30.6232;2;0;0;;0;0;0;0;0;0;0
31.07.2018;00:20:00;UTC+2;USATBOESG-2;1;0;0;3;0;1006.2095;0.3897;30.6197;2;0;0;;0;0;0;0;0;0;0
31.07.2018;00:21:00;UTC+2;USATBOESG-2;1;0;0;3;0;1006.2097;0.37;30.6218;2;0;0;;0;0;0;0;0;0;0
31.07.2018;00:22:00;UTC+2;USATBOESG-2;1;0;0;3;0;1006.2202;0.3698;30.622;2;0;0;;0;0;0;0;0;0;0
31.07.2018;00:23:00;UTC+2;USATBOESG-2;1;0;0;3;0;1006.2012;0.3595;30.6192;2;0;0;;0;0;0;0;0;0;0
31.07.2018;00:24:00;UTC+2;USATBOESG-2;1;0;0;3;0;1006.2202;0.3303;30.6185;2;0;0;;0;0;0;0;0;0;0
31.07.2018;00:25:00;UTC+2;USATBOESG-2;1;0;0;3;0;1006.2405;0.3403;30.6165;2;0;0;;0;0;0;0;0;0;0
31.07.2018;00:26:00;UTC+2;USATBOESG-2;1;0;0;3;0;1006.2532;0.3503;30.6163;2;0;0;;0;0;0;0;0;0;0
31.07.2018;00:27:00;UTC+2;USATBOESG-2;1;0;0;3;0;1006.2578;0.3597;30.6162;2;0;0;;0;0;0;0;0;0;0
31.07.2018;00:28:00;UTC+2;USATBOESG-2;1;0;0;3;0;1006.2638;0.3497;30.6132;2;0;0;;0;0;0;0;0;0;0
31.07.2018;00:29:00;UTC+2;USATBOESG-2;1;0;0;3;0;1006.2598;0.339;30.6147;2;0;0;;0;0;0;0;0;0;0
31.07.2018;00:30:00;UTC+2;USATBOESG-2;1;0;0;3;0;1006.2535;0.3107;30.607;2;0;0;;0;0;0;0;0;0;0
31.07.2018;00:31:00;UTC+2;USATBOESG-2;1;0;0;3;0;1006.265;0.33;30.6107;2;0;0;;0;0;0;0;0;0;0
31.07.2018;00:32:00;UTC+2;USATBOESG-2;1;0;0;3;0;1006.2698;0.34;30.6105;2;0;0;;0;0;0;0;0;0;0
31.07.2018;00:33:00;UTC+2;USATBOESG-2;1;0;0;3;0;1006.2672;0.34;30.6098;2;0;0;;0;0;0;0;0;0;0
31.07.2018;00:34:00;UTC+2;USATBOESG-2;1;0;0;3;0;1006.2658;0.34;30.6053;2;0;0;;0;0;0;0;0;0;0
31.07.2018;00:35:00;UTC+2;USATBOESG-2;1;0;0;3;0;1006.2538;0.3198;30.6032;2;0;0;;0;0;0;0;0;0;0
31.07.2018;00:36:00;UTC+2;USATBOESG-2;1;0;0;3;0;1006.248;0.31;30.6028;2;0;0;;0;0;0;0;0;0;0
31.07.2018;00:37:00;UTC+2;USATBOESG-2;1;0;0;3;0;1006.2432;0.3097;30.6018;2;0;0;;0;0;0;0;0;0;0
31.07.2018;00:38:00;UTC+2;USATBOESG-2;1;0;0;3;0;1006.2323;0.2898;30.6007;2;0;0;;0;0;0;0;0;0;0
31.07.2018;00:39:00;UTC+2;USATBOESG-2;1;0;0;3;0;1006.2247;0.2797;30.597;2;0;0;;0;0;0;0;0;0;0
31.07.2018;00:40:00;UTC+2;USATBOESG-2;1;0;0;3;0;1006.218;0.2598;30.5965;2;0;0;;0;0;0;0;0;0;0
31.07.2018;00:41:00;UTC+2;USATBOESG-2;1;0;0;3;0;1006.2092;0.2493;30.5993;2;0;0;;0;0;0;0;0;0;0
31.07.2018;00:42:00;UTC+2;USATBOESG-2;1;0;0;3;0;1006.1978;0.2293;30.5955;2;0;0;;0;0;0;0;0;0;0
31.07.2018;00:43:00;UTC+2;USATBOESG-2;1;0;0;3;0;1006.1933;0.2097;30.5917;2;0;0;;0;0;0;0;0;0;0
31.07.2018;00:44:00;UTC+2;USATBOESG-2;1;0;0;3;0;1006.185;0.2;30.5915;2;0;0;;0;0;0;0;0;0;0
31.07.2018;00:45:00;UTC+2;USATBOESG-2;1;0;0;3;0;1006.1838;0.2;30.5885;2;0;0;;0;0;0;0;0;0;0
31.07.2018;00:46:00;UTC+2;USATBOESG-2;1;0;0;3;0;1006.1797;0.2003;30.5903;2;0;0;;0;0;0;0;0;0;0
31.07.2018;00:47:00;UTC+2;USATBOESG-2;1;0;0;3;0;1006.1848;0.21;30.5873;2;0;0;;0;0;0;0;0;0;0
31.07.2018;00:48:00;UTC+2;USATBOESG-2;1;0;0;3;0;1006.1885;0.21;30.5873;2;0;0;;0;0;0;0;0;0;0
31.07.2018;00:49:00;UTC+2;USATBOESG-2;1;0;0;3;0;1006.1897;0.2;30.5863;2;0;0;;0;0;0;0;0;0;0
31.07.2018;00:50:00;UTC+2;USATBOESG-2;1;0;0;3;0;1006.1882;0.2;30.5843;2;0;0;;0;0;0;0;0;0;0
31.07.2018;00:51:00;UTC+2;USATBOESG-2;1;0;0;3;0;1006.1897;0.2;30.5817;2;0;0;;0;0;0;0;0;0;0
31.07.2018;00:52:00;UTC+2;USATBOESG-2;1;0;0;3;0;1006.2;0.1998;30.5823;2;0;0;;0;0;0;0;0;0;0
31.07.2018;00:53:00;UTC+2;USATBOESG-2;1;0;0;3;0;1006.196;0.1898;30.5818;2;0;0;;0;0;0;0;0;0;0
31.07.2018;00:54:00;UTC+2;USATBOESG-2;1;0;0;3;0;1006.1955;0.1802;30.5803;2;0;0;;0;0;0;0;0;0;0
31.07.2018;00:55:00;UTC+2;USATBOESG-2;1;0;0;3;0;1006.2023;0.1902;30.5787;2;0;0;;0;0;0;0;0;0;0
31.07.2018;00:56:00;UTC+2;USATBOESG-2;1;0;0;3;0;1006.2027;0.1998;30.5755;2;0;0;;0;0;0;0;0;0;0
31.07.2018;00:57:00;UTC+2;USATBOESG-2;1;0;0;3;0;1006.1935;0.19;30.5772;2;0;0;;0;0;0;0;0;0;0
31.07.2018;00:58:00;UTC+2;USATBOESG-2;1;0;0;3;0;1006.189;0.1897;30.5743;2;0;0;;0;0;0;0;0;0;0
31.07.2018;00:59:00;UTC+2;USATBOESG-2;1;0;0;3;0;1006.1908;0.18;30.5733;2;0;0;;0;0;0;0;0;0;0
31.07.2018;01:00:00;UTC+2;USATBOESG-2;1;0;0;3;0;1006.1777;0.18;30.5697;2;0;0;;0;0;0;0;0;0;0
31.07.2018;01:01:00;UTC+2;USATBOESG-2;1;0;0;3;0;1006.1758;0.179;30.5707;2;0;0;;0;0;0;0;0;0;0
31.07.2018;01:02:00;UTC+2;USATBOESG-2;1;0;0;3;0;1006.1603;0.15;30.5692;2;0;0;;0;0;0;0;0;0;0
31.07.2018;01:03:00;UTC+2;USATBOESG-2;1;0;0;3;0;1006.1577;0.1503;30.566;2;0;0;;0;0;0;0;0;0;0
31.07.2018;01:04:00;UTC+2;USATBOESG-2;1;0;0;3;0;1006.1507;0.1597;30.5658;2;0;0;;0;0;0;0;0;0;0
31.07.2018;01:05:00;UTC+2;USATBOESG-2;1;0;0;3;0;1006.1477;0.15;30.5645;2;0;0;;0;0;0;0;0;0;0
31.07.2018;01:06:00;UTC+2;USATBOESG-2;1;0;0;3;0;1006.1553;0.14;30.5647;2;0;0;;0;0;0;0;0;0;0
31.07.2018;01:07:00;UTC+2;USATBOESG-2;1;0;0;3;0;1006.1448;0.14;30.564;2;0;0;;0;0;0;0;0;0;0
31.07.2018;01:08:00;UTC+2;USATBOESG-2;1;0;0;3;0;1006.1525;0.14;30.5605;2;0;0;;0;0;0;0;0;0;0
31.07.2018;01:09:00;UTC+2;USATBOESG-2;1;0;0;3;0;1006.1523;0.1398;30.562;2;0;0;;0;0;0;0;0;0;0
31.07.2018;01:10:00;UTC+2;USATBOESG-2;1;0;0;3;0;1006.1505;0.1298;30.5582;2;0;0;;0;0;0;0;0;0;0
31.07.2018;01:11:00;UTC+2;USATBOESG-2;1;0;0;3;0;1006.1573;0.1202;30.556;2;0;0;;0;0;0;0;0;0;0
31.07.2018;01:12:00;UTC+2;USATBOESG-2;1;0;0;3;0;1006.1403;0.1297;30.5565;2;0;0;;0;0;0;0;0;0;0
31.07.2018;01:13:00;UTC+2;USATBOESG-2;1;0;0;3;0;1006.1447;0.1102;30.5542;2;0;0;;0;0;0;0;0;0;0
31.07.2018;01:14:00;UTC+2;USATBOESG-2;1;0;0;3;0;1006.1453;0.1195;30.5552;2.0333;0;0;;0;0;0;0;0;0;0
31.07.2018;01:15:00;UTC+2;USATBOESG-2;1;0;0;3;0;1006.1388;0.0897;30.5562;4;0;0;;0;0;0;0;0;0;0
31.07.2018;01:16:00;UTC+2;USATBOESG-2;1;0;0;3;0;1006.1235;0.0797;30.5538;4;0;0;;0;0;0;0;0;0;0
31.07.2018;01:17:00;UTC+2;USATBOESG-2;1;0;0;3;0;1006.1235;0.07;30.5537;4;0;0;;0;0;0;0;0;0;0
31.07.2018;01:18:00;UTC+2;USATBOESG-2;1;0;0;3;0;1006.1335;0.0703;30.552;4;0;0;;0;0;0;0;0;0;0
31.07.2018;01:19:00;UTC+2;USATBOESG-2;1;0;0;3;0;1006.1412;0.0803;30.5485;4;0;0;;0;0;0;0;0;0;0
31.07.2018;01:20:00;UTC+2;USATBOESG-2;1;0;0;3;0;1006.137;0.09;30.5493;4;0;0;;0;0;0;0;0;0;0
31.07.2018;01:21:00;UTC+2;USATBOESG-2;1;0;0;3;0;1006.131;0.09;30.5462;4;0;0;;0;0;0;0;0;0;0
31.07.2018;01:22:00;UTC+2;USATBOESG-2;1;0;0;3;0;1006.1277;0.09;30.5432;4;0;0;;0;0;0;0;0;0;0
31.07.2018;01:23:00;UTC+2;USATBOESG-2;1;0;0;3;0;1006.106;0.08;30.5455;4;0;0;;0;0;0;0;0;0;0
31.07.2018;01:24:00;UTC+2;USATBOESG-2;1;0;0;3;0;1006.1082;0.09;30.5435;4;0;0;;0;0;0;0;0;0;0
31.07.2018;01:25:00;UTC+2;USATBOESG-2;1;0;0;3;0;1006.0937;0.08;30.5422;4;0;0;;0;0;0;0;0;0;0
31.07.2018;01:26:00;UTC+2;USATBOESG-2;1;0;0;3;0;1006.0998;0.06;30.5385;4;0;0;;0;0;0;0;0;0;0
31.07.2018;01:27:00;UTC+2;USATBOESG-2;1;0;0;3;0;1006.092;0.0593;30.542;4;0;0;;0;0;0;0;0;0;0
31.07.2018;01:28:00;UTC+2;USATBOESG-2;1;0;0;3;0;1006.084;0.0198;30.5385;4;0;0;;0;0;0;0;0;0;0
31.07.2018;01:29:00;UTC+2;USATBOESG-2;1;0;0;3;0;1006.069;0.0097;30.5377;4;0;0;;0;0;0;0;0;0;0
31.07.2018;01:30:00;UTC+2;USATBOESG-2;1;0;0;3;0;1006.0722;-0.0103;30.5378;4;0;0;;0;0;0;0;0;0;0
31.07.2018;01:31:00;UTC+2;USATBOESG-2;1;0;0;3;0;1006.0717;-0.0298;30.5377;4;0;0;;0;0;0;0;0;0;0
31.07.2018;01:32:00;UTC+2;USATBOESG-2;1;0;0;3;0;1006.079;-0.0197;30.5343;4;0;0;;0;0;0;0;0;0;0
31.07.2018;01:33:00;UTC+2;USATBOESG-2;1;0;0;3;0;1006.0852;-0.0103;30.5305;4;0;0;;0;0;0;0;0;0;0
31.07.2018;01:34:00;UTC+2;USATBOESG-2;1;0;0;3;0;1006.0915;-0.019;30.5315;4;0;0;;0;0;0;0;0;0;0
31.07.2018;01:35:00;UTC+2;USATBOESG-2;1;0;0;3;0;1006.1028;0.01;30.5282;4;0;0;;0;0;0;0;0;0;0
31.07.2018;01:36:00;UTC+2;USATBOESG-2;1;0;0;3;0;1006.1122;0.0107;30.5283;4;0;0;;0;0;0;0;0;0;0
31.07.2018;01:37:00;UTC+2;USATBOESG-2;1;0;0;3;0;1006.1212;0.0307;30.5253;4;0;0;;0;0;0;0;0;0;0
31.07.2018;01:38:00;UTC+2;USATBOESG-2;1;0;0;3;0;1006.1363;0.0507;30.525;4;0;0;;0;0;0;0;0;0;0
31.07.2018;01:39:00;UTC+2;USATBOESG-2;1;0;0;3;0;1006.1398;0.07;30.5258;4;0;0;;0;0;0;0;0;0;0
31.07.2018;01:40:00;UTC+2;USATBOESG-2;1;0;0;3;0;1006.1573;0.12;30.5213;2;0;0;;0;0;0;0;0;0;0
31.07.2018;01:41:00;UTC+2;USATBOESG-2;1;0;0;3;0;1006.1642;0.11;30.5218;2;0;0;;0;0;0;0;0;0;0
31.07.2018;01:42:00;UTC+2;USATBOESG-2;1;0;0;3;0;1006.175;0.13;30.5252;2;0;0;;0;0;0;0;0;0;0
31.07.2018;01:43:00;UTC+2;USATBOESG-2;1;0;0;3;0;1006.1752;0.1402;30.5197;2;0;0;;0;0;0;0;0;0;0
31.07.2018;01:44:00;UTC+2;USATBOESG-2;1;0;0;3;0;1006.1625;0.15;30.5205;2;0;0;;0;0;0;0;0;0;0
31.07.2018;01:45:00;UTC+2;USATBOESG-2;1;0;0;3;0;1006.158;0.1495;30.5202;2;0;0;;0;0;0;0;0;0;0
31.07.2018;01:46:00;UTC+2;USATBOESG-2;1;0;0;3;0;1006.134;0.1195;30.517;2.0333;0;0;;0;0;0;0;0;0;0
31.07.2018;01:47:00;UTC+2;USATBOESG-2;1;0;0;3;0;1006.1193;0.0898;30.5142;4;0;0;;0;0;0;0;0;0;0
31.07.2018;01:48:00;UTC+2;USATBOESG-2;1;0;0;3;0;1006.0972;0.0795;30.5153;4;0;0;;0;0;0;0;0;0;0
31.07.2018;01:49:00;UTC+2;USATBOESG-2;1;0;0;3;0;1006.0788;0.049;30.5118;4;0;0;;0;0;0;0;0;0;0
31.07.2018;01:50:00;UTC+2;USATBOESG-2;1;0;0;3;0;1006.0663;0.02;30.513;4;0;0;;0;0;0;0;0;0;0
31.07.2018;01:51:00;UTC+2;USATBOESG-2;1;0;0;3;0;1006.0632;0.0193;30.511;4;0;0;;0;0;0;0;0;0;0
31.07.2018;01:52:00;UTC+2;USATBOESG-2;1;0;0;3;0;1006.0495;-0.0017;30.5087;4;0;0;;0;0;0;0;0;0;0
31.07.2018;01:53:00;UTC+2;USATBOESG-2;1;0;0;3;0;1006.0257;-0.0503;30.5098;4;0;0;;0;0;0;0;0;0;0
31.07.2018;01:54:00;UTC+2;USATBOESG-2;1;0;0;3;0;1006.0283;-0.0597;30.5073;4;0;0;;0;0;0;0;0;0;0
31.07.2018;01:55:00;UTC+2;USATBOESG-2;1;0;0;3;0;1006.0313;-0.0503;30.5067;4;0;0;;0;0;0;0;0;0;0
31.07.2018;01:56:00;UTC+2;USATBOESG-2;1;0;0;3;0;1006.0482;-0.06;30.5072;4;0;0;;0;0;0;0;0;0;0
31.07.2018;01:57:00;UTC+2;USATBOESG-2;1;0;0;3;0;1006.0622;-0.05;30.5062;4;0;0;;0;0;0;0;0;0;0
31.07.2018;01:58:00;UTC+2;USATBOESG-2;1;0;0;3;0;1006.0768;-0.01;30.5045;4;0;0;;0;0;0;0;0;0;0
31.07.2018;01:59:00;UTC+2;USATBOESG-2;1;0;0;3;0;1006.0755;-0.04;30.5013;4;0;0;;0;0;0;0;0;0;0
31.07.2018;02:00:00;UTC+2;USATBOESG-2;1;0;0;3;0;1006.0973;-0.0197;30.499;4;0;0;;0;0;0;0;0;0;0
31.07.2018;02:01:00;UTC+2;USATBOESG-2;1;0;0;3;0;1006.1062;0;30.4958;4;0;0;;0;0;0;0;0;0;0
31.07.2018;02:02:00;UTC+2;USATBOESG-2;1;0;0;3;0;1006.1023;0.0002;30.4955;4;0;0;;0;0;0;0;0;0;0
31.07.2018;02:03:00;UTC+2;USATBOESG-2;1;0;0;3;0;1006.1092;0.0108;30.5;4;0;0;;0;0;0;0;0;0;0
31.07.2018;02:04:00;UTC+2;USATBOESG-2;1;0;0;3;0;1006.1217;0.0598;30.4967;4;0;0;;0;0;0;0;0;0;0
31.07.2018;02:05:00;UTC+2;USATBOESG-2;1;0;0;3;0;1006.1175;0.05;30.4963;4;0;0;;0;0;0;0;0;0;0
31.07.2018;02:06:00;UTC+2;USATBOESG-2;1;0;0;3;0;1006.116;0.0497;30.4952;4;0;0;;0;0;0;0;0;0;0
31.07.2018;02:07:00;UTC+2;USATBOESG-2;1;0;0;3;0;1006.1123;0.04;30.4918;4;0;0;;0;0;0;0;0;0;0
31.07.2018;02:08:00;UTC+2;USATBOESG-2;1;0;0;3;0;1006.109;0.0393;30.4913;4;0;0;;0;0;0;0;0;0;0
31.07.2018;02:09:00;UTC+2;USATBOESG-2;1;0;0;3;0;1006.0947;0.0193;30.4923;4;0;0;;0;0;0;0;0;0;0
31.07.2018;02:10:00;UTC+2;USATBOESG-2;1;0;0;3;0;1006.098;0;30.4882;4;0;0;;0;0;0;0;0;0;0
31.07.2018;02:11:00;UTC+2;USATBOESG-2;1;0;0;3;0;1006.0837;-0.002;30.4877;4;0;0;;0;0;0;0;0;0;0
31.07.2018;02:12:00;UTC+2;USATBOESG-2;1;0;0;3;0;1006.066;-0.06;30.4863;4;0;0;;0;0;0;0;0;0;0
31.07.2018;02:13:00;UTC+2;USATBOESG-2;1;0;0;3;0;1006.0568;-0.06;30.4863;4;0;0;;0;0;0;0;0;0;0
31.07.2018;02:14:00;UTC+2;USATBOESG-2;1;0;0;3;0;1006.0593;-0.07;30.4867;4;0;0;;0;0;0;0;0;0;0
31.07.2018;02:15:00;UTC+2;USATBOESG-2;1;0;0;3;0;1006.0428;-0.08;30.4852;4;0;0;;0;0;0;0;0;0;0
31.07.2018;02:16:00;UTC+2;USATBOESG-2;1;0;0;3;0;1006.0415;-0.06;30.4867;4;0;0;;0;0;0;0;0;0;0
31.07.2018;02:17:00;UTC+2;USATBOESG-2;1;0;0;3;0;1006.0387;-0.0603;30.483;4;0;0;;0;0;0;0;0;0;0
31.07.2018;02:18:00;UTC+2;USATBOESG-2;1;0;0;3;0;1006.0208;-0.0802;30.4797;4;0;0;;0;0;0;0;0;0;0
31.07.2018;02:19:00;UTC+2;USATBOESG-2;1;0;0;3;0;1006.0212;-0.0903;30.4838;4.05;0;0;;0;0;0;0;0;0;0
31.07.2018;02:20:00;UTC+2;USATBOESG-2;1;0;0;3;0;1006.0197;-0.1102;30.4833;7;0;0;;0;0;0;0;0;0;0
31.07.2018;02:21:00;UTC+2;USATBOESG-2;1;0;0;3;0;1006.0047;-0.12;30.4798;7;0;0;;0;0;0;0;0;0;0
31.07.2018;02:22:00;UTC+2;USATBOESG-2;1;0;0;3;0;1006.0095;-0.12;30.4782;7;0;0;;0;0;0;0;0;0;0
31.07.2018;02:23:00;UTC+2;USATBOESG-2;1;0;0;3;0;1006.004;-0.12;30.4777;7;0;0;;0;0;0;0;0;0;0
31.07.2018;02:24:00;UTC+2;USATBOESG-2;1;0;0;3;0;1005.9935;-0.1203;30.4755;7;0;0;;0;0;0;0;0;0;0
31.07.2018;02:25:00;UTC+2;USATBOESG-2;1;0;0;3;0;1006.0005;-0.1297;30.4758;7;0;0;;0;0;0;0;0;0;0
31.07.2018;02:26:00;UTC+2;USATBOESG-2;1;0;0;3;0;1006.0078;-0.1197;30.475;7;0;0;;0;0;0;0;0;0;0
31.07.2018;02:27:00;UTC+2;USATBOESG-2;1;0;0;3;0;1006.0115;-0.1093;30.4727;6.9;0;0;;0;0;0;0;0;0;0
31.07.2018;02:28:00;UTC+2;USATBOESG-2;1;0;0;3;0;1006.0125;-0.0897;30.4725;4;0;0;;0;0;0;0;0;0;0
31.07.2018;02:29:00;UTC+2;USATBOESG-2;1;0;0;3;0;1006.0195;-0.0797;30.4732;4;0;0;;0;0;0;0;0;0;0
31.07.2018;02:30:00;UTC+2;USATBOESG-2;1;0;0;3;0;1006.0115;-0.07;30.4717;4;0;0;;0;0;0;0;0;0;0
31.07.2018;02:31:00;UTC+2;USATBOESG-2;1;0;0;3;0;1006.01;-0.09;30.4743;4;0;0;;0;0;0;0;0;0;0
31.07.2018;02:32:00;UTC+2;USATBOESG-2;1;0;0;3;0;1006.0062;-0.09;30.4697;4;0;0;;0;0;0;0;0;0;0
31.07.2018;02:33:00;UTC+2;USATBOESG-2;1;0;0;3;0;1006.0103;-0.1;30.4687;7;0;0;;0;0;0;0;0;0;0
31.07.2018;02:34:00;UTC+2;USATBOESG-2;1;0;0;3;0;1006.0013;-0.0902;30.4712;4.05;0;0;;0;0;0;0;0;0;0
31.07.2018;02:35:00;UTC+2;USATBOESG-2;1;0;0;3;0;1006.0028;-0.0998;30.4642;6.95;0;0;;0;0;0;0;0;0;0
31.07.2018;02:36:00;UTC+2;USATBOESG-2;1;0;0;3;0;1006.0117;-0.0903;30.4668;4.05;0;0;;0;0;0;0;0;0;0
31.07.2018;02:37:00;UTC+2;USATBOESG-2;1;0;0;3;0;1006.0062;-0.1097;30.4657;6.95;0;0;;0;0;0;0;0;0;0
31.07.2018;02:38:00;UTC+2;USATBOESG-2;1;0;0;3;0;1006.0003;-0.0898;30.4668;4;0;0;;0;0;0;0;0;0;0
31.07.2018;02:39:00;UTC+2;USATBOESG-2;1;0;0;3;0;1006.0068;-0.08;30.4652;4;0;0;;0;0;0;0;0;0;0
31.07.2018;02:40:00;UTC+2;USATBOESG-2;1;0;0;3;0;1006.0012;-0.0807;30.461;4.1;0;0;;0;0;0;0;0;0;0
31.07.2018;02:41:00;UTC+2;USATBOESG-2;1;0;0;3;0;1005.986;-0.1003;30.465;7;0;0;;0;0;0;0;0;0;0
31.07.2018;02:42:00;UTC+2;USATBOESG-2;1;0;0;3;0;1005.986;-0.11;30.4593;7;0;0;;0;0;0;0;0;0;0
31.07.2018;02:43:00;UTC+2;USATBOESG-2;1;0;0;3;0;1005.9903;-0.1093;30.4578;6.7667;0;0;;0;0;0;0;0;0;0
31.07.2018;02:44:00;UTC+2;USATBOESG-2;1;0;0;3;0;1005.979;-0.0907;30.4588;0.2333;0;0;;0;0;0;0;0;0;0
31.07.2018;02:45:00;UTC+2;USATBOESG-2;1;0;0;3;0;1005.9805;-0.1097;30.4583;6.7667;0;0;;0;0;0;0;0;0;0
31.07.2018;02:46:00;UTC+2;USATBOESG-2;1;0;0;3;0;1005.9748;-0.1;30.4575;0.4;0;0;;0;0;0;0;0;0;0
31.07.2018;02:47:00;UTC+2;USATBOESG-2;1;0;0;3;0;1005.9578;-0.1;30.4563;8;0;0;;0;0;0;0;0;0;0
31.07.2018;02:48:00;UTC+2;USATBOESG-2;1;0;0;3;0;1005.9532;-0.13;30.4555;8;0;0;;0;0;0;0;0;0;0
31.07.2018;02:49:00;UTC+2;USATBOESG-2;1;0;0;3;0;1005.9398;-0.12;30.4567;8;0;0;;0;0;0;0;0;0;0
31.07.2018;02:50:00;UTC+2;USATBOESG-2;1;0;0;3;0;1005.9293;-0.14;30.4512;7;0;0;;0;0;0;0;0;0;0
31.07.2018;02:51:00;UTC+2;USATBOESG-2;1;0;0;3;0;1005.913;-0.1705;30.4525;7;0;0;;0;0;0;0;0;0;0
31.07.2018;02:52:00;UTC+2;USATBOESG-2;1;0;0;3;0;1005.9007;-0.2002;30.4522;7;0;0;;0;0;0;0;0;0;0
31.07.2018;02:53:00;UTC+2;USATBOESG-2;1;0;0;3;0;1005.8885;-0.2105;30.4523;7;0;0;;0;0;0;0;0;0;0
31.07.2018;02:54:00;UTC+2;USATBOESG-2;1;0;0;3;0;1005.8735;-0.2398;30.4495;7;0;0;;0;0;0;0;0;0;0
31.07.2018;02:55:00;UTC+2;USATBOESG-2;1;0;0;3;0;1005.8645;-0.2305;30.4453;7;0;0;;0;0;0;0;0;0;0
31.07.2018;02:56:00;UTC+2;USATBOESG-2;1;0;0;3;0;1005.854;-0.2602;30.4482;7;0;0;;0;0;0;0;0;0;0
31.07.2018;02:57:00;UTC+2;USATBOESG-2;1;0;0;3;0;1005.8355;-0.2707;30.446;7;0;0;;0;0;0;0;0;0;0
31.07.2018;02:58:00;UTC+2;USATBOESG-2;1;0;0;3;0;1005.8053;-0.2917;30.4463;7.0333;0;0;;0;0;0;0;0;0;0
31.07.2018;02:59:00;UTC+2;USATBOESG-2;1;0;0;3;0;1005.784;-0.3397;30.4455;8;0;0;;0;0;0;0;0;0;0
31.07.2018;03:00:00;UTC+2;USATBOESG-2;1;0;0;3;0;1005.7772;-0.3307;30.4415;8;0;0;;0;0;0;0;0;0;0
31.07.2018;03:01:00;UTC+2;USATBOESG-2;1;0;0;3;0;1005.7622;-0.3493;30.4403;8;0;0;;0;0;0;0;0;0;0
31.07.2018;03:02:00;UTC+2;USATBOESG-2;1;0;0;3;0;1005.7628;-0.33;30.4383;8;0;0;;0;0;0;0;0;0;0
31.07.2018;03:03:00;UTC+2;USATBOESG-2;1;0;0;3;0;1005.7553;-0.33;30.4402;8;0;0;;0;0;0;0;0;0;0
31.07.2018;03:04:00;UTC+2;USATBOESG-2;1;0;0;3;0;1005.7648;-0.33;30.4342;8;0;0;;0;0;0;0;0;0;0
31.07.2018;03:05:00;UTC+2;USATBOESG-2;1;0;0;3;0;1005.7722;-0.34;30.4358;8;0;0;;0;0;0;0;0;0;0
31.07.2018;03:06:00;UTC+2;USATBOESG-2;1;0;0;3;0;1005.771;-0.33;30.4352;8;0;0;;0;0;0;0;0;0;0
31.07.2018;03:07:00;UTC+2;USATBOESG-2;1;0;0;3;0;1005.7775;-0.31;30.4323;8;0;0;;0;0;0;0;0;0;0
31.07.2018;03:08:00;UTC+2;USATBOESG-2;1;0;0;3;0;1005.7707;-0.3303;30.4312;8;0;0;;0;0;0;0;0;0;0
31.07.2018;03:09:00;UTC+2;USATBOESG-2;1;0;0;3;0;1005.7598;-0.35;30.43;8;0;0;;0;0;0;0;0;0;0
31.07.2018;03:10:00;UTC+2;USATBOESG-2;1;0;0;3;0;1005.7515;-0.3503;30.4277;8;0;0;;0;0;0;0;0;0;0
31.07.2018;03:11:00;UTC+2;USATBOESG-2;1;0;0;3;0;1005.736;-0.3702;30.4273;8;0;0;;0;0;0;0;0;0;0
31.07.2018;03:12:00;UTC+2;USATBOESG-2;1;0;0;3;0;1005.7403;-0.3803;30.4288;8;0;0;;0;0;0;0;0;0;0
31.07.2018;03:13:00;UTC+2;USATBOESG-2;1;0;0;3;0;1005.7333;-0.4003;30.4238;8;0;0;;0;0;0;0;0;0;0
31.07.2018;03:14:00;UTC+2;USATBOESG-2;1;0;0;3;0;1005.7245;-0.4207;30.4258;8;0;0;;0;0;0;0;0;0;0
31.07.2018;03:15:00;UTC+2;USATBOESG-2;1;0;0;3;0;1005.7242;-0.4397;30.4253;7.9667;0;0;;0;0;0;0;0;0;0
31.07.2018;03:16:00;UTC+2;USATBOESG-2;1;0;0;3;0;1005.7252;-0.4313;30.4265;7;0;0;;0;0;0;0;0;0;0
31.07.2018;03:17:00;UTC+2;USATBOESG-2;1;0;0;3;0;1005.7115;-0.4707;30.423;7;0;0;;0;0;0;0;0;0;0
31.07.2018;03:18:00;UTC+2;USATBOESG-2;1;0;0;3;0;1005.6967;-0.491;30.4248;7.0333;0;0;;0;0;0;0;0;0;0
31.07.2018;03:19:00;UTC+2;USATBOESG-2;1;0;0;3;0;1005.6822;-0.52;30.4187;8;0;0;;0;0;0;0;0;0;0
31.07.2018;03:20:00;UTC+2;USATBOESG-2;1;0;0;3;0;1005.6788;-0.5207;30.4153;8;0;0;;0;0;0;0;0;0;0
31.07.2018;03:21:00;UTC+2;USATBOESG-2;1;0;0;3;0;1005.6727;-0.54;30.4165;8;0;0;;0;0;0;0;0;0;0
31.07.2018;03:22:00;UTC+2;USATBOESG-2;1;0;0;3;0;1005.669;-0.55;30.4143;8;0;0;;0;0;0;0;0;0;0
31.07.2018;03:23:00;UTC+2;USATBOESG-2;1;0;0;3;0;1005.665;-0.57;30.4142;8;0;0;;0;0;0;0;0;0;0
31.07.2018;03:24:00;UTC+2;USATBOESG-2;1;0;0;3;0;1005.6623;-0.55;30.4138;8;0;0;;0;0;0;0;0;0;0
31.07.2018;03:25:00;UTC+2;USATBOESG-2;1;0;0;3;0;1005.667;-0.5603;30.4113;8;0;0;;0;0;0;0;0;0;0
31.07.2018;03:26:00;UTC+2;USATBOESG-2;1;0;0;3;0;1005.6748;-0.5802;30.4098;8;0;0;;0;0;0;0;0;0;0
31.07.2018;03:27:00;UTC+2;USATBOESG-2;1;0;0;3;0;1005.6787;-0.5898;30.4085;7.9833;0;0;;0;0;0;0;0;0;0
31.07.2018;03:28:00;UTC+2;USATBOESG-2;1;0;0;3;0;1005.6758;-0.5803;30.4115;7;0;0;;0;0;0;0;0;0;0
31.07.2018;03:29:00;UTC+2;USATBOESG-2;1;0;0;3;0;1005.6682;-0.5997;30.41;7;0;0;;0;0;0;0;0;0;0
31.07.2018;03:30:00;UTC+2;USATBOESG-2;1;0;0;3;0;1005.6603;-0.5805;30.4065;7;0;0;;0;0;0;0;0;0;0
31.07.2018;03:31:00;UTC+2;USATBOESG-2;1;0;0;3;0;1005.6465;-0.611;30.4047;7.0333;0;0;;0;0;0;0;0;0;0
31.07.2018;03:32:00;UTC+2;USATBOESG-2;1;0;0;3;0;1005.6402;-0.64;30.4005;7.9667;0;0;;0;0;0;0;0;0;0
31.07.2018;03:33:00;UTC+2;USATBOESG-2;1;0;0;3;0;1005.6282;-0.64;30.402;7;0;0;;0;0;0;0;0;0;0
31.07.2018;03:34:00;UTC+2;USATBOESG-2;1;0;0;3;0;1005.6258;-0.6397;30.4025;7;0;0;;0;0;0;0;0;0;0
31.07.2018;03:35:00;UTC+2;USATBOESG-2;1;0;0;3;0;1005.622;-0.63;30.4005;7.0333;0;0;;0;0;0;0;0;0;0
31.07.2018;03:36:00;UTC+2;USATBOESG-2;1;0;0;3;0;1005.6258;-0.6293;30.3993;7.9667;0;0;;0;0;0;0;0;0;0
31.07.2018;03:37:00;UTC+2;USATBOESG-2;1;0;0;3;0;1005.6208;-0.6103;30.401;7.05;0;0;;0;0;0;0;0;0;0
31.07.2018;03:38:00;UTC+2;USATBOESG-2;1;0;0;3;0;1005.6305;-0.62;30.3955;8;0;0;;0;0;0;0;0;0;0
31.07.2018;03:39:00;UTC+2;USATBOESG-2;1;0;0;3;0;1005.6295;-0.6;30.3972;7;0;0;;0;0;0;0;0;0;0
31.07.2018;03:40:00;UTC+2;USATBOESG-2;1;0;0;3;0;1005.6192;-0.6;30.3948;7;0;0;;0;0;0;0;0;0;0
31.07.2018;03:41:00;UTC+2;USATBOESG-2;1;0;0;3;0;1005.6217;-0.59;30.3933;7;0;0;;0;0;0;0;0;0;0
31.07.2018;03:42:00;UTC+2;USATBOESG-2;1;0;0;3;0;1005.6013;-0.5903;30.3923;8;0;0;;0;0;0;0;0;0;0
31.07.2018;03:43:00;UTC+2;USATBOESG-2;1;0;0;3;0;1005.5987;-0.6098;30.3908;8;0;0;;0;0;0;0;0;0;0
31.07.2018;03:44:00;UTC+2;USATBOESG-2;1;0;0;3;0;1005.5873;-0.5998;30.3878;8;0;0;;0;0;0;0;0;0;0
31.07.2018;03:45:00;UTC+2;USATBOESG-2;1;0;0;3;0;1005.574;-0.5907;30.3892;8;0;0;;0;0;0;0;0;0;0
31.07.2018;03:46:00;UTC+2;USATBOESG-2;1;0;0;3;0;1005.5497;-0.6302;30.3898;8;0;0;;0;0;0;0;0;0;0
31.07.2018;03:47:00;UTC+2;USATBOESG-2;1;0;0;3;0;1005.543;-0.6403;30.3862;8;0;0;;0;0;0;0;0;0;0
31.07.2018;03:48:00;UTC+2;USATBOESG-2;1;0;0;3;0;1005.538;-0.6597;30.386;8;0;0;;0;0;0;0;0;0;0
31.07.2018;03:49:00;UTC+2;USATBOESG-2;1;0;0;3;0;1005.5275;-0.651;30.3862;8;0;0;;0;0;0;0;0;0;0
31.07.2018;03:50:00;UTC+2;USATBOESG-2;1;0;0;3;0;1005.514;-0.6803;30.3847;8;0;0;;0;0;0;0;0;0;0
31.07.2018;03:51:00;UTC+2;USATBOESG-2;1;0;0;3;0;1005.5013;-0.6903;30.3827;8;0;0;;0;0;0;0;0;0;0
31.07.2018;03:52:00;UTC+2;USATBOESG-2;1;0;0;3;0;1005.4905;-0.7;30.3838;8;0;0;;0;0;0;0;0;0;0
31.07.2018;03:53:00;UTC+2;USATBOESG-2;1;0;0;3;0;1005.4878;-0.7007;30.379;8;0;0;;0;0;0;0;0;0;0
31.07.2018;03:54:00;UTC+2;USATBOESG-2;1;0;0;3;0;1005.4772;-0.72;30.3808;8;0;0;;0;0;0;0;0;0;0
31.07.2018;03:55:00;UTC+2;USATBOESG-2;1;0;0;3;0;1005.4737;-0.72;30.3797;8;0;0;;0;0;0;0;0;0;0
31.07.2018;03:56:00;UTC+2;USATBOESG-2;1;0;0;3;0;1005.4667;-0.74;30.3748;8;0;0;;0;0;0;0;0;0;0
31.07.2018;03:57:00;UTC+2;USATBOESG-2;1;0;0;3;0;1005.4617;-0.73;30.375;8;0;0;;0;0;0;0;0;0;0
31.07.2018;03:58:00;UTC+2;USATBOESG-2;1;0;0;3;0;1005.459;-0.74;30.372;8;0;0;;0;0;0;0;0;0;0
31.07.2018;03:59:00;UTC+2;USATBOESG-2;1;0;0;3;0;1005.4448;-0.7403;30.3703;8;0;0;;0;0;0;0;0;0;0
31.07.2018;04:00:00;UTC+2;USATBOESG-2;1;0;0;3;0;1005.4228;-0.76;30.372;8;0;0;;0;0;0;0;0;0;0
31.07.2018;04:01:00;UTC+2;USATBOESG-2;1;0;0;3;0;1005.4188;-0.7595;30.3703;8;0;0;;0;0;0;0;0;0;0
31.07.2018;04:02:00;UTC+2;USATBOESG-2;1;0;0;3;0;1005.4293;-0.73;30.3665;8;0;0;;0;0;0;0;0;0;0
31.07.2018;04:03:00;UTC+2;USATBOESG-2;1;0;0;3;0;1005.4248;-0.7298;30.366;8;0;0;;0;0;0;0;0;0;0
31.07.2018;04:04:00;UTC+2;USATBOESG-2;1;0;0;3;0;1005.4475;-0.7198;30.3647;8;0;0;;0;0;0;0;0;0;0
31.07.2018;04:05:00;UTC+2;USATBOESG-2;1;0;0;3;0;1005.432;-0.71;30.3643;8;0;0;;0;0;0;0;0;0;0
31.07.2018;04:06:00;UTC+2;USATBOESG-2;1;0;0;3;0;1005.4105;-0.7113;30.3633;8;0;0;;0;0;0;0;0;0;0
31.07.2018;04:07:00;UTC+2;USATBOESG-2;1;0;0;3;0;1005.4023;-0.75;30.3637;8;0;0;;0;0;0;0;0;0;0
31.07.2018;04:08:00;UTC+2;USATBOESG-2;1;0;0;3;0;1005.4018;-0.7503;30.3613;8;0;0;;0;0;0;0;0;0;0
31.07.2018;04:09:00;UTC+2;USATBOESG-2;1;0;0;3;0;1005.389;-0.7593;30.3638;8;0;0;;0;0;0;0;0;0;0
31.07.2018;04:10:00;UTC+2;USATBOESG-2;1;0;0;3;0;1005.4;-0.7407;30.3612;8;0;0;;0;0;0;0;0;0;0
31.07.2018;04:11:00;UTC+2;USATBOESG-2;1;0;0;3;0;1005.3782;-0.7607;30.357;8;0;0;;0;0;0;0;0;0;0
31.07.2018;04:12:00;UTC+2;USATBOESG-2;1;0;0;3;0;1005.384;-0.78;30.3602;8;0;0;;0;0;0;0;0;0;0
31.07.2018;04:13:00;UTC+2;USATBOESG-2;1;0;0;3;0;1005.3777;-0.76;30.3573;8;0;0;;0;0;0;0;0;0;0
31.07.2018;04:14:00;UTC+2;USATBOESG-2;1;0;0;3;0;1005.373;-0.77;30.3542;8;0;0;;0;0;0;0;0;0;0
31.07.2018;04:15:00;UTC+2;USATBOESG-2;1;0;0;3;0;1005.3598;-0.77;30.3533;8;0;0;;0;0;0;0;0;0;0
31.07.2018;04:16:00;UTC+2;USATBOESG-2;1;0;0;3;0;1005.3507;-0.7797;30.3523;8;0;0;;0;0;0;0;0;0;0
31.07.2018;04:17:00;UTC+2;USATBOESG-2;1;0;0;3;0;1005.3593;-0.7603;30.3513;8;0;0;;0;0;0;0;0;0;0
31.07.2018;04:18:00;UTC+2;USATBOESG-2;1;0;0;3;0;1005.3427;-0.7803;30.3483;8;0;0;;0;0;0;0;0;0;0
31.07.2018;04:19:00;UTC+2;USATBOESG-2;1;0;0;3;0;1005.3415;-0.8002;30.3498;8;0;0;;0;0;0;0;0;0;0
31.07.2018;04:20:00;UTC+2;USATBOESG-2;1;0;0;3;0;1005.3282;-0.81;30.3475;8;0;0;;0;0;0;0;0;0;0
31.07.2018;04:21:00;UTC+2;USATBOESG-2;1;0;0;3;0;1005.3237;-0.8102;30.3465;8;0;0;;0;0;0;0;0;0;0
31.07.2018;04:22:00;UTC+2;USATBOESG-2;1;0;0;3;0;1005.3047;-0.8197;30.3437;8;0;0;;0;0;0;0;0;0;0
31.07.2018;04:23:00;UTC+2;USATBOESG-2;1;0;0;3;0;1005.2912;-0.81;30.3425;8;0;0;;0;0;0;0;0;0;0
31.07.2018;04:24:00;UTC+2;USATBOESG-2;1;0;0;3;0;1005.2927;-0.81;30.3397;8;0;0;;0;0;0;0;0;0;0
31.07.2018;04:25:00;UTC+2;USATBOESG-2;1;0;0;3;0;1005.276;-0.81;30.3418;8;0;0;;0;0;0;0;0;0;0
31.07.2018;04:26:00;UTC+2;USATBOESG-2;1;0;0;3;0;1005.2737;-0.8103;30.3403;8;0;0;;0;0;0;0;0;0;0
31.07.2018;04:27:00;UTC+2;USATBOESG-2;1;0;0;3;0;1005.2633;-0.8197;30.3368;8;0;0;;0;0;0;0;0;0;0
31.07.2018;04:28:00;UTC+2;USATBOESG-2;1;0;0;3;0;1005.2602;-0.8107;30.3352;8;0;0;;0;0;0;0;0;0;0
31.07.2018;04:29:00;UTC+2;USATBOESG-2;1;0;0;3;0;1005.2505;-0.83;30.3377;8;0;0;;0;0;0;0;0;0;0
31.07.2018;04:30:00;UTC+2;USATBOESG-2;1;0;0;3;0;1005.2283;-0.83;30.332;8;0;0;;0;0;0;0;0;0;0
31.07.2018;04:31:00;UTC+2;USATBOESG-2;1;0;0;3;0;1005.2322;-0.84;30.3302;8;0;0;;0;0;0;0;0;0;0
31.07.2018;04:32:00;UTC+2;USATBOESG-2;1;0;0;3;0;1005.2397;-0.84;30.3337;8;0;0;;0;0;0;0;0;0;0
31.07.2018;04:33:00;UTC+2;USATBOESG-2;1;0;0;3;0;1005.2332;-0.8402;30.331;8;0;0;;0;0;0;0;0;0;0
31.07.2018;04:34:00;UTC+2;USATBOESG-2;1;0;0;3;0;1005.2408;-0.8503;30.3283;8;0;0;;0;0;0;0;0;0;0
31.07.2018;04:35:00;UTC+2;USATBOESG-2;1;0;0;3;0;1005.2283;-0.8702;30.3262;8;0;0;;0;0;0;0;0;0;0
31.07.2018;04:36:00;UTC+2;USATBOESG-2;1;0;0;3;0;1005.2275;-0.8803;30.3288;8;0;0;;0;0;0;0;0;0;0
31.07.2018;04:37:00;UTC+2;USATBOESG-2;1;0;0;3;0;1005.2235;-0.9002;30.3275;8;0;0;;0;0;0;0;0;0;0
31.07.2018;04:38:00;UTC+2;USATBOESG-2;1;0;0;3;0;1005.2165;-0.9103;30.3222;7.9833;0;0;;0;0;0;0;0;0;0
31.07.2018;04:39:00;UTC+2;USATBOESG-2;1;0;0;3;0;1005.2025;-0.931;30.3242;7;0;0;;0;0;0;0;0;0;0
31.07.2018;04:40:00;UTC+2;USATBOESG-2;1;0;0;3;0;1005.2022;-0.96;30.3198;7;0;0;;0;0;0;0;0;0;0
31.07.2018;04:41:00;UTC+2;USATBOESG-2;1;0;0;3;0;1005.1932;-0.9603;30.3205;7;0;0;;0;0;0;0;0;0;0
31.07.2018;04:42:00;UTC+2;USATBOESG-2;1;0;0;3;0;1005.1887;-0.9703;30.32;7;0;0;;0;0;0;0;0;0;0
31.07.2018;04:43:00;UTC+2;USATBOESG-2;1;0;0;3;0;1005.1952;-0.9793;30.3203;7;0;0;;0;0;0;0;0;0;0
31.07.2018;04:44:00;UTC+2;USATBOESG-2;1;0;0;3;0;1005.1968;-0.96;30.314;7;0;0;;0;0;0;0;0;0;0
31.07.2018;04:45:00;UTC+2;USATBOESG-2;1;0;0;3;0;1005.1927;-0.96;30.312;7;0;0;;0;0;0;0;0;0;0
31.07.2018;04:46:00;UTC+2;USATBOESG-2;1;0;0;3;0;1005.1842;-0.96;30.3133;7;0;0;;0;0;0;0;0;0;0
31.07.2018;04:47:00;UTC+2;USATBOESG-2;1;0;0;3;0;1005.1742;-0.96;30.3122;7;0;0;;0;0;0;0;0;0;0
31.07.2018;04:48:00;UTC+2;USATBOESG-2;1.0167;0;0;3;0;1005.1602;-0.9397;30.3098;7;0;0;;0;0;0;0;0;0;0
31.07.2018;04:49:00;UTC+2;USATBOESG-2;1;0;0;3;0;1005.156;-0.92;30.311;7.0167;0;0;;0;0;0;0;0;0;0
31.07.2018;04:50:00;UTC+2;USATBOESG-2;0.9833;0;0;3;0;1005.161;-0.9198;30.3092;7.9831;0;0;;0;0;0;0;0;0;0
31.07.2018;04:51:00;UTC+2;USATBOESG-2;1.0167;0;0;3;0;1005.1489;-0.9103;30.3064;7.0328;0;0;;0;0;0;0;0;0;0
31.07.2018;04:52:00;UTC+2;USATBOESG-2;1;0;0;3;0;1005.14;-0.9187;30.307;8;0;0;;0;0;0;0;0;0;0
31.07.2018;04:53:00;UTC+2;USATBOESG-2;1;0;0;3;0;1005.1347;-0.8803;30.3052;8;0;0;;0;0;0;0;0;0;0
31.07.2018;04:54:00;UTC+2;USATBOESG-2;1;0;0;3;0;1005.1267;-0.8903;30.303;8;0;0;;0;0;0;0;0;0;0
31.07.2018;04:55:00;UTC+2;USATBOESG-2;1;0;0;3;0;1005.1313;-0.9007;30.305;8;0;0;;0;0;0;0;0;0;0
31.07.2018;04:56:00;UTC+2;USATBOESG-2;1;0;0;3;0;1005.1122;-0.9215;30.3007;7.95;0;0;;0;0;0;0;0;0;0
31.07.2018;04:57:00;UTC+2;USATBOESG-2;1;0;0;3;0;1005.1192;-0.95;30.2967;7;0;0;;0;0;0;0;0;0;0
31.07.2018;04:58:00;UTC+2;USATBOESG-2;1;0;0;3;0;1005.1177;-0.95;30.2987;7;0;0;;0;0;0;0;0;0;0
31.07.2018;04:59:00;UTC+2;USATBOESG-2;1;0;0;3;0;1005.1113;-0.9515;30.2953;7;0;0;;0;0;0;0;0;0;0
31.07.2018;05:00:00;UTC+2;USATBOESG-2;1;0;0;3;0;1005.1058;-0.9805;30.2945;7;0;0;;0;0;0;0;0;0;0
31.07.2018;05:01:00;UTC+2;USATBOESG-2;1;0;0;3;0;1005.0982;-0.991;30.2947;7;0;0;;0;0;0;0;0;0;0
31.07.2018;05:02:00;UTC+2;USATBOESG-2;1;0;0;3;0;1005.1092;-1.0095;30.2937;7;0;0;;0;0;0;0;0;0;0
31.07.2018;05:03:00;UTC+2;USATBOESG-2;1;0;0;3;0;1005.1013;-1.0003;30.293;7;0;0;;0;0;0;0;0;0;0
31.07.2018;05:04:00;UTC+2;USATBOESG-2;1;0;0;3;0;1005.1133;-1.0195;30.2908;7;0;0;;0;0;0;0;0;0;0
31.07.2018;05:05:00;UTC+2;USATBOESG-2;1;0;0;3;0;1005.1153;-0.9903;30.2873;7;0;0;;0;0;0;0;0;0;0
31.07.2018;05:06:00;UTC+2;USATBOESG-2;1;0;0;3;0;1005.1013;-1.01;30.2898;7;0;0;;0;0;0;0;0;0;0
31.07.2018;05:07:00;UTC+2;USATBOESG-2;0.9833;0;0;3;0;1005.0993;-1.0098;30.2868;7;0;0;;0;0;0;0;0;0;0
31.07.2018;05:08:00;UTC+2;USATBOESG-2;1.0167;0;0;3;0;1005.0915;-1.0003;30.2867;7;0;0;;0;0;0;0;0;0;0
31.07.2018;05:09:00;UTC+2;USATBOESG-2;1;0;0;3;0;1005.0918;-1.01;30.2855;7;0;0;;0;0;0;0;0;0;0
31.07.2018;05:10:00;UTC+2;USATBOESG-2;1;0;0;3;0;1005.0863;-1.01;30.2857;7;0;0;;0;0;0;0;0;0;0
31.07.2018;05:11:00;UTC+2;USATBOESG-2;1;0;0;3;0;1005.0895;-1.008;30.2842;7;0;0;;0;0;0;0;0;0;0
31.07.2018;05:12:00;UTC+2;USATBOESG-2;1;0;0;3;0;1005.0953;-0.951;30.279;7;0;0;;0;0;0;0;0;0;0
31.07.2018;05:13:00;UTC+2;USATBOESG-2;1;0;0;3;0;1005.0885;-0.9795;30.2797;7;0;0;;0;0;0;0;0;0;0
31.07.2018;05:14:00;UTC+2;USATBOESG-2;1;0;0;3;0;1005.0782;-0.97;30.2793;7;0;0;;0;0;0;0;0;0;0
31.07.2018;05:15:00;UTC+2;USATBOESG-2;1;0;0;3;0;1005.06;-0.9705;30.2772;7;0;0;;0;0;0;0;0;0;0
31.07.2018;05:16:00;UTC+2;USATBOESG-2;1;0;0;3;0;1005.0717;-0.9805;30.2765;7;0;0;;0;0;0;0;0;0;0
31.07.2018;05:17:00;UTC+2;USATBOESG-2;1;0;0;3;0;1005.0453;-0.9905;30.277;7;0;0;;0;0;0;0;0;0;0
31.07.2018;05:18:00;UTC+2;USATBOESG-2;1;0;0;3;0;1005.0427;-0.9995;30.2722;7;0;0;;0;0;0;0;0;0;0
31.07.2018;05:19:00;UTC+2;USATBOESG-2;1;0;0;3;0;1005.0313;-0.9905;30.2735;7;0;0;;0;0;0;0;0;0;0
31.07.2018;05:20:00;UTC+2;USATBOESG-2;1;0;0;3;0;1005.0203;-1;30.2715;7;0;0;;0;0;0;0;0;0;0
31.07.2018;05:21:00;UTC+2;USATBOESG-2;1;0;0;3;0;1005.0083;-1;30.2677;7;0;0;;0;0;0;0;0;0;0
31.07.2018;05:22:00;UTC+2;USATBOESG-2;1;0;0;3;0;1005.0048;-1.0002;30.2695;7;0;0;;0;0;0;0;0;0;0
31.07.2018;05:23:00;UTC+2;USATBOESG-2;1;0;0;3;0;1004.9933;-1.01;30.2672;7;0;0;;0;0;0;0;0;0;0
31.07.2018;05:24:00;UTC+2;USATBOESG-2;0.9833;0;0;3;0;1005.0068;-1.0102;30.2654;7;0;0;;0;0;0;0;0;0;0
31.07.2018;05:25:00;UTC+2;USATBOESG-2;1.0167;0;0;3;0;1004.9787;-1.0203;30.2646;7;0;0;;0;0;0;0;0;0;0
31.07.2018;05:26:00;UTC+2;USATBOESG-2;1;0;0;3;0;1004.9697;-1.03;30.2597;7;0;0;;0;0;0;0;0;0;0
31.07.2018;05:27:00;UTC+2;USATBOESG-2;1;0;0;3;0;1004.9688;-1.0303;30.2605;7;0;0;;0;0;0;0;0;0;0
31.07.2018;05:28:00;UTC+2;USATBOESG-2;1;0;0;3;0;1004.9663;-1.0407;30.262;7;0;0;;0;0;0;0;0;0;0
31.07.2018;05:29:00;UTC+2;USATBOESG-2;1;0;0;3;0;1004.9673;-1.06;30.2588;7;0;0;;0;0;0;0;0;0;0
31.07.2018;05:30:00;UTC+2;USATBOESG-2;1;0;0;3;0;1004.9682;-1.0595;30.2575;7;0;0;;0;0;0;0;0;0;0
31.07.2018;05:31:00;UTC+2;USATBOESG-2;1;0;0;3;0;1004.9748;-1.049;30.2563;7;0;0;;0;0;0;0;0;0;0
31.07.2018;05:32:00;UTC+2;USATBOESG-2;1;0;0;3;0;1004.9727;-1.0305;30.2575;7;0;0;;0;0;0;0;0;0;0
31.07.2018;05:33:00;UTC+2;USATBOESG-2;1;0;0;3;0;1004.972;-1.0395;30.256;7;0;0;;0;0;0;0;0;0;0
31.07.2018;05:34:00;UTC+2;USATBOESG-2;1;0;0;3;0;1004.9665;-1.031;30.2523;7;0;0;;0;0;0;0;0;0;0
31.07.2018;05:35:00;UTC+2;USATBOESG-2;1;0;0;3;0;1004.9615;-1.05;30.2517;7;0;0;;0;0;0;0;0;0;0
31.07.2018;05:36:00;UTC+2;USATBOESG-2;1;0;0;3;0;1004.9703;-1.049;30.2517;7;0;0;;0;0;0;0;0;0;0
31.07.2018;05:37:00;UTC+2;USATBOESG-2;1;0;0;3;0;1004.9693;-1.0302;30.2525;7;0;0;;0;0;0;0;0;0;0
31.07.2018;05:38:00;UTC+2;USATBOESG-2;1;0;0;3;0;1004.9773;-1.0402;30.2443;7;0;0;;0;0;0;0;0;0;0
31.07.2018;05:39:00;UTC+2;USATBOESG-2;1;0;0;3;0;1004.9658;-1.0498;30.2455;7;0;0;;0;0;0;0;0;0;0
31.07.2018;05:40:00;UTC+2;USATBOESG-2;1;0;0;3;0;1004.9743;-1.0397;30.2507;7;0;0;;0;0;0;0;0;0;0
31.07.2018;05:41:00;UTC+2;USATBOESG-2;0.9833;0;0;3;0;1004.9695;-1.0202;30.2458;7;0;0;;0;0;0;0;0;0;0
31.07.2018;05:42:00;UTC+2;USATBOESG-2;1.0167;0;0;3;0;1004.9654;-1.0297;30.2434;7;0;0;;0;0;0;0;0;0;0
31.07.2018;05:43:00;UTC+2;USATBOESG-2;1;0;0;3;0;1004.9703;-1.02;30.2415;7;0;0;;0;0;0;0;0;0;0
31.07.2018;05:44:00;UTC+2;USATBOESG-2;1;0;0;3;0;1004.9675;-1.0193;30.2403;7;0;0;;0;0;0;0;0;0;0
31.07.2018;05:45:00;UTC+2;USATBOESG-2;1;0;0;3;0;1004.9958;-0.9993;30.2403;7;0;0;;0;0;0;0;0;0;0
31.07.2018;05:46:00;UTC+2;USATBOESG-2;1;0;0;3;0;1005.0058;-0.979;30.2385;7;0;0;;0;0;0;0;0;0;0
31.07.2018;05:47:00;UTC+2;USATBOESG-2;1;0;0;3;0;1005.0072;-0.9485;30.2387;7;0;0;;0;0;0;0;0;0;0
31.07.2018;05:48:00;UTC+2;USATBOESG-2;1;0;0;3;0;1005.0318;-0.92;30.2358;7;0;0;;0;0;0;0;0;0;0
31.07.2018;05:49:00;UTC+2;USATBOESG-2;1;0;0;3;0;1005.034;-0.92;30.2345;7;0;0;;0;0;0;0;0;0;0
31.07.2018;05:50:00;UTC+2;USATBOESG-2;1;0;0;3;0;1005.0272;-0.9195;30.2317;7;0;0;;0;0;0;0;0;0;0
31.07.2018;05:51:00;UTC+2;USATBOESG-2;1;0;0;3;0;1005.0173;-0.9085;30.2325;7;0;0;;0;0;0;0;0;0;0
31.07.2018;05:52:00;UTC+2;USATBOESG-2;1;0;0;3;0;1005.0155;-0.88;30.2337;7;0;0;;0;0;0;0;0;0;0
31.07.2018;05:53:00;UTC+2;USATBOESG-2;1;0;0;3;0;1005.011;-0.878;30.2313;7;0;0;;0;0;0;0;0;0;0
31.07.2018;05:54:00;UTC+2;USATBOESG-2;1;0;0;3;0;1005.0475;-0.8402;30.2293;7;0;0;;0;0;0;0;0;0;0
31.07.2018;05:55:00;UTC+2;USATBOESG-2;1;0;0;3;0;1005.0372;-0.8492;30.2287;7;0;0;;0;0;0;0;0;0;0
31.07.2018;05:56:00;UTC+2;USATBOESG-2;1;0;0;3;0;1005.0525;-0.8002;30.2263;7;0;0;;0;0;0;0;0;0;0
31.07.2018;05:57:00;UTC+2;USATBOESG-2;1;0;0;3;0;1005.0398;-0.8095;30.2257;7;0;0;;0;0;0;0;0;0;0
31.07.2018;05:58:00;UTC+2;USATBOESG-2;1;0;0;3;0;1005.0237;-0.779;30.227;7;0;0;;0;0;0;0;0;0;0
31.07.2018;05:59:00;UTC+2;USATBOESG-2;1;0;0;3;0;1005.0287;-0.75;30.2268;7;0;0;;0;0;0;0;0;0;0
31.07.2018;06:00:00;UTC+2;USATBOESG-2;1;0;0;3;0;1005.0172;-0.75;30.2243;7;0;0;;0;0;0;0;0;0;0
31.07.2018;06:01:00;UTC+2;USATBOESG-2;1;0;0;3;0;1005.0032;-0.75;30.222;7;0;0;;0;0;0;0;0;0;0
31.07.2018;06:02:00;UTC+2;USATBOESG-2;1;0;0;3;0;1005.0027;-0.75;30.223;7;0;0;;0;0;0;0;0;0;0
31.07.2018;06:03:00;UTC+2;USATBOESG-2;1;0;0;3;0;1005.01;-0.7507;30.2233;7;0;0;;0;0;0;0;0;0;0
31.07.2018;06:04:00;UTC+2;USATBOESG-2;1;0;0;3;0;1005.0057;-0.7695;30.2205;7;0;0;;0;0;0;0;0;0;0
31.07.2018;06:05:00;UTC+2;USATBOESG-2;1;0;0;3;0;1005.0105;-0.761;30.2198;7;0;0;;0;0;0;0;0;0;0
31.07.2018;06:06:00;UTC+2;USATBOESG-2;1;0;0;3;0;1004.9945;-0.78;30.2215;7;0;0;;0;0;0;0;0;0;0
31.07.2018;06:07:00;UTC+2;USATBOESG-2;1;0;0;3;0;1005.0013;-0.7805;30.2227;7;0;0;;0;0;0;0;0;0;0
31.07.2018;06:08:00;UTC+2;USATBOESG-2;1;0;0;3;0;1004.9713;-0.79;30.2193;7;0;0;;0;0;0;0;0;0;0
31.07.2018;06:09:00;UTC+2;USATBOESG-2;1;0;0;3;0;1004.9748;-0.7905;30.2202;7;0;0;;0;0;0;0;0;0;0
31.07.2018;06:10:00;UTC+2;USATBOESG-2;1;0;0;3;0;1004.9523;-0.8;30.2205;7;0;0;;0;0;0;0;0;0;0
31.07.2018;06:11:00;UTC+2;USATBOESG-2;1;0;0;3;0;1004.9588;-0.7997;30.2192;7;0;0;;0;0;0;0;0;0;0
31.07.2018;06:12:00;UTC+2;USATBOESG-2;1;0;0;3;0;1004.9778;-0.7793;30.2185;7;0;0;;0;0;0;0;0;0;0
31.07.2018;06:13:00;UTC+2;USATBOESG-2;1;0;0;3;0;1004.9688;-0.7403;30.2188;7;0;0;;0;0;0;0;0;0;0
31.07.2018;06:14:00;UTC+2;USATBOESG-2;1;0;0;3;0;1004.9757;-0.7595;30.2182;7;0;0;;0;0;0;0;0;0;0
31.07.2018;06:15:00;UTC+2;USATBOESG-2;1;0;0;3;0;1004.9767;-0.732;30.2212;7;0;0;;0;0;0;0;0;0;0
31.07.2018;06:16:00;UTC+2;USATBOESG-2;1;0;0;3;0;1004.9675;-0.7887;30.2225;7;0;0;;0;0;0;0;0;0;0
31.07.2018;06:17:00;UTC+2;USATBOESG-2;1;0;0;3;0;1004.951;-0.7507;30.2205;7;0;0;;0;0;0;0;0;0;0
31.07.2018;06:18:00;UTC+2;USATBOESG-2;1;0;0;3;0;1004.9393;-0.7697;30.2223;7;0;0;;0;0;0;0;0;0;0
31.07.2018;06:19:00;UTC+2;USATBOESG-2;1;0;0;3;0;1004.9238;-0.7593;30.2225;7;0;0;;0;0;0;0;0;0;0
31.07.2018;06:20:00;UTC+2;USATBOESG-2;1;0;0;3;0;1004.9458;-0.7397;30.2272;7;0;0;;0;0;0;0;0;0;0
31.07.2018;06:21:00;UTC+2;USATBOESG-2;1;0;0;3;0;1004.9217;-0.731;30.2255;7;0;0;;0;0;0;0;0;0;0
31.07.2018;06:22:00;UTC+2;USATBOESG-2;1;0;0;3;0;1004.9127;-0.749;30.2283;7;0;0;;0;0;0;0;0;0;0
31.07.2018;06:23:00;UTC+2;USATBOESG-2;1;0;0;3;0;1004.9192;-0.7315;30.2302;7;0;0;;0;0;0;0;0;0;0
31.07.2018;06:24:00;UTC+2;USATBOESG-2;1;0;0;3;0;1004.8932;-0.761;30.232;7;0;0;;0;0;0;0;0;0;0
31.07.2018;06:25:00;UTC+2;USATBOESG-2;1;0;0;3;0;1004.891;-0.7805;30.2318;7;0;0;;0;0;0;0;0;0;0
31.07.2018;06:26:00;UTC+2;USATBOESG-2;1;0;0;3;0;1004.87;-0.791;30.2377;7;0;0;;0;0;0;0;0;0;0
31.07.2018;06:27:00;UTC+2;USATBOESG-2;1;0;0;3;0;1004.8783;-0.8095;30.2403;7;0;0;;0;0;0;0;0;0;0
31.07.2018;06:28:00;UTC+2;USATBOESG-2;1;0;0;3;0;1004.862;-0.8;30.2412;7;0;0;;0;0;0;0;0;0;0
31.07.2018;06:29:00;UTC+2;USATBOESG-2;1;0;0;3;0;1004.8653;-0.7998;30.2438;7;0;0;;0;0;0;0;0;0;0
31.07.2018;06:30:00;UTC+2;USATBOESG-2;1;0;0;3;0;1004.8758;-0.7898;30.2473;7;0;0;;0;0;0;0;0;0;0
31.07.2018;06:31:00;UTC+2;USATBOESG-2;1;0;0;3;0;1004.8483;-0.78;30.2517;7;0;0;;0;0;0;0;0;0;0
31.07.2018;06:32:00;UTC+2;USATBOESG-2;1;0;0;3;0;1004.8685;-0.779;30.2552;7;0;0;;0;0;0;0;0;0;0
31.07.2018;06:33:00;UTC+2;USATBOESG-2;1;0;0;3;0;1004.87;-0.7503;30.2545;7;0;0;;0;0;0;0;0;0;0
31.07.2018;06:34:00;UTC+2;USATBOESG-2;1;0;0;3;0;1004.864;-0.76;30.2625;7;0;0;;0;0;0;0;0;0;0
31.07.2018;06:35:00;UTC+2;USATBOESG-2;1;0;0;3;0;1004.8473;-0.761;30.2667;7;0;0;;0;0;0;0;0;0;0
31.07.2018;06:36:00;UTC+2;USATBOESG-2;1;0;0;3;0;1004.8515;-0.7893;30.2715;7;0;0;;0;0;0;0;0;0;0
31.07.2018;06:37:00;UTC+2;USATBOESG-2;1;0;0;3;0;1004.8483;-0.7707;30.277;7;0;0;;0;0;0;0;0;0;0
31.07.2018;06:38:00;UTC+2;USATBOESG-2;1;0;0;3;0;1004.8475;-0.789;30.2808;7;0;0;;0;0;0;0;0;0;0
31.07.2018;06:39:00;UTC+2;USATBOESG-2;1;0;0;3;0;1004.8532;-0.771;30.2865;7;0;0;;0;0;0;0;0;0;0
31.07.2018;06:40:00;UTC+2;USATBOESG-2;1;0;0;3;0;1004.8505;-0.7895;30.2912;7;0;0;;0;0;0;0;0;0;0
31.07.2018;06:41:00;UTC+2;USATBOESG-2;1;0;0;3;0;1004.8485;-0.779;30.2978;7;0;0;;0;0;0;0;0;0;0
31.07.2018;06:42:00;UTC+2;USATBOESG-2;1;0;0;3;0;1004.8585;-0.7585;30.3037;7;0;0;;0;0;0;0;0;0;0
31.07.2018;06:43:00;UTC+2;USATBOESG-2;1;0;0;3;0;1004.8708;-0.7295;30.3108;7;0;0;;0;0;0;0;0;0;0
31.07.2018;06:44:00;UTC+2;USATBOESG-2;1;0;0;3;0;1004.8573;-0.7195;30.3167;7;0;0;;0;0;0;0;0;0;0
31.07.2018;06:45:00;UTC+2;USATBOESG-2;1;0;0;3;0;1004.8748;-0.71;30.3238;7;0;0;;0;0;0;0;0;0;0
31.07.2018;06:46:00;UTC+2;USATBOESG-2;1;0;0;3;0;1004.873;-0.7092;30.3318;7;0;0;;0;0;0;0;0;0;0
31.07.2018;06:47:00;UTC+2;USATBOESG-2;1;0;0;3;0;1004.8862;-0.66;30.3382;7;0;0;;0;0;0;0;0;0;0
31.07.2018;06:48:00;UTC+2;USATBOESG-2;1;0;0;3;0;1004.9253;-0.6587;30.3465;6.9833;0;0;;0;0;0;0;0;0;0
31.07.2018;06:49:00;UTC+2;USATBOESG-2;1;0;0;3;0;1004.8967;-0.5807;30.3525;6.0333;0;0;;0;0;0;0;0;0;0
31.07.2018;06:50:00;UTC+2;USATBOESG-2;1;0;0;3;0;1004.8875;-0.6003;30.3627;7;0;0;;0;0;0;0;0;0;0
31.07.2018;06:51:00;UTC+2;USATBOESG-2;1;0;0;3;0;1004.9198;-0.6097;30.3677;7;0;0;;0;0;0;0;0;0;0
31.07.2018;06:52:00;UTC+2;USATBOESG-2;1;0;0;3;0;1004.9085;-0.599;30.3775;7;0;0;;0;0;0;0;0;0;0
31.07.2018;06:53:00;UTC+2;USATBOESG-2;1;0;0;3;0;1004.9085;-0.57;30.3868;7;0;0;;0;0;0;0;0;0;0
31.07.2018;06:54:00;UTC+2;USATBOESG-2;1;0;0;3;0;1004.9293;-0.5687;30.3965;6.9667;0;0;;0;0;0;0;0;0;0
31.07.2018;06:55:00;UTC+2;USATBOESG-2;1;0;0;3;0;1004.9193;-0.531;30.4053;6.05;0;0;;0;0;0;0;0;0;0
31.07.2018;06:56:00;UTC+2;USATBOESG-2;1;0;0;3;0;1004.9188;-0.552;30.4175;7;0;0;;0;0;0;0;0;0;0
31.07.2018;06:57:00;UTC+2;USATBOESG-2;1;0;0;3;0;1004.8992;-0.5865;30.4262;7;0;0;;0;0;0;0;0;0;0
31.07.2018;06:58:00;UTC+2;USATBOESG-2;1;0;0;3;0;1004.8948;-0.5215;30.4373;7;0;0;;0;0;0;0;0;0;0
31.07.2018;06:59:00;UTC+2;USATBOESG-2;1;0;0;3;0;1004.8942;-0.551;30.4482;7;0;0;;0;0;0;0;0;0;0
31.07.2018;07:00:00;UTC+2;USATBOESG-2;1;0;0;3;0;1004.8767;-0.567;30.457;7;0;0;;0;0;0;0;0;0;0
31.07.2018;07:01:00;UTC+2;USATBOESG-2;1;0;0;3;0;1004.9062;-0.5115;30.472;7;0;0;;0;0;0;0;0;0;0
31.07.2018;07:02:00;UTC+2;USATBOESG-2;1;0;0;3;0;1004.8872;-0.5398;30.4837;7;0;0;;0;0;0;0;0;0;0
31.07.2018;07:03:00;UTC+2;USATBOESG-2;1;0;0;3;0;1004.8995;-0.5298;30.4962;7;0;0;;0;0;0;0;0;0;0
31.07.2018;07:04:00;UTC+2;USATBOESG-2;1;0;0;3;0;1004.909;-0.5205;30.5065;7;0;0;;0;0;0;0;0;0;0
31.07.2018;07:05:00;UTC+2;USATBOESG-2;1;0;0;3;0;1004.9052;-0.5488;30.5237;6.9833;0;0;;0;0;0;0;0;0;0
31.07.2018;07:06:00;UTC+2;USATBOESG-2;1;0;0;3;0;1004.934;-0.4797;30.5393;6.0333;0;0;;0;0;0;0;0;0;0
31.07.2018;07:07:00;UTC+2;USATBOESG-2;1;0;0;3;0;1004.9222;-0.4703;30.5548;7;0;0;;0;0;0;0;0;0;0
31.07.2018;07:08:00;UTC+2;USATBOESG-2;1;0;0;3;0;1004.9287;-0.4783;30.5685;6.9667;0;0;;0;0;0;0;0;0;0
31.07.2018;07:09:00;UTC+2;USATBOESG-2;1;0;0;3;0;1004.947;-0.432;30.5898;6;0;0;;0;0;0;0;0;0;0
31.07.2018;07:10:00;UTC+2;USATBOESG-2;1;0;0;3;0;1004.9277;-0.4893;30.6107;6.0333;0;0;;0;0;0;0;0;0;0
31.07.2018;07:11:00;UTC+2;USATBOESG-2;1;0;0;3;0;1004.8997;-0.47;30.629;7;0;0;;0;0;0;0;0;0;0
31.07.2018;07:12:00;UTC+2;USATBOESG-2;1;0;0;3;0;1004.9153;-0.47;30.6478;7;0;0;;0;0;0;0;0;0;0
31.07.2018;07:13:00;UTC+2;USATBOESG-2;1;0;0;3;0;1004.893;-0.472;30.671;7;0;0;;0;0;0;0;0;0;0
31.07.2018;07:14:00;UTC+2;USATBOESG-2;1;0;0;3;0;1004.9133;-0.5055;30.695;6.95;0;0;;0;0;0;0;0;0;0
31.07.2018;07:15:00;UTC+2;USATBOESG-2;1;0;0;3;0;1004.9578;-0.4185;30.7168;6;0;0;;0;0;0;0;0;0;0
31.07.2018;07:16:00;UTC+2;USATBOESG-2;1;0;0;3;0;1004.9432;-0.392;30.7425;6.05;0;0;;0;0;0;0;0;0;0
31.07.2018;07:17:00;UTC+2;USATBOESG-2;1;0;0;3;0;1004.9452;-0.4285;30.7708;7;0;0;;0;0;0;0;0;0;0
31.07.2018;07:18:00;UTC+2;USATBOESG-2;1;0;0;3;0;1004.95;-0.401;30.7978;7;0;0;;0;0;0;0;0;0;0
31.07.2018;07:19:00;UTC+2;USATBOESG-2;1;0;0;3;0;1004.9197;-0.4202;30.8272;7;0;0;;0;0;0;0;0;0;0
31.07.2018;07:20:00;UTC+2;USATBOESG-2;1;0;0;3;0;1004.9287;-0.4293;30.8602;7;0;0;;0;0;0;0;0;0;0
31.07.2018;07:21:00;UTC+2;USATBOESG-2;1;0;0;3;0;1004.9197;-0.3895;30.8885;7;0;0;;0;0;0;0;0;0;0
31.07.2018;07:22:00;UTC+2;USATBOESG-2;1;0;0;3;0;1004.9505;-0.3597;30.9213;7;0;0;;0;0;0;0;0;0;0
31.07.2018;07:23:00;UTC+2;USATBOESG-2;1;0;0;3;0;1004.9387;-0.3387;30.9565;7;0;0;;0;0;0;0;0;0;0
31.07.2018;07:24:00;UTC+2;USATBOESG-2;1;0;0;3;0;1004.9613;-0.3013;30.989;7;0;0;;0;0;0;0;0;0;0
31.07.2018;07:25:00;UTC+2;USATBOESG-2;1;0;0;3;0;1004.9678;-0.339;31.025;7;0;0;;0;0;0;0;0;0;0
31.07.2018;07:26:00;UTC+2;USATBOESG-2;1;0;0;3;0;1004.9885;-0.309;31.0645;7;0;0;;0;0;0;0;0;0;0
31.07.2018;07:27:00;UTC+2;USATBOESG-2;1;0;0;3;0;1004.9855;-0.2793;31.099;7;0;0;;0;0;0;0;0;0;0
31.07.2018;07:28:00;UTC+2;USATBOESG-2;1;0;0;3;0;1004.9923;-0.2603;31.1367;7;0;0;;0;0;0;0;0;0;0
31.07.2018;07:29:00;UTC+2;USATBOESG-2;1;0;0;3;0;1004.9905;-0.2695;31.1775;7;0;0;;0;0;0;0;0;0;0
31.07.2018;07:30:00;UTC+2;USATBOESG-2;1;0;0;3;0;1004.9797;-0.259;31.2158;7;0;0;;0;0;0;0;0;0;0
31.07.2018;07:31:00;UTC+2;USATBOESG-2;1;0;0;3;0;1004.9862;-0.239;31.2522;6.9;0;0;;0;0;0;0;0;0;0
31.07.2018;07:32:00;UTC+2;USATBOESG-2;1;0;0;3;0;1005.0003;-0.2205;31.2872;5;0;0;;0;0;0;0;0;0;0
31.07.2018;07:33:00;UTC+2;USATBOESG-2;1;0;0;3;0;1005.0103;-0.2295;31.3277;5;0;0;;0;0;0;0;0;0;0
31.07.2018;07:34:00;UTC+2;USATBOESG-2;1;0;0;3;0;1005.0102;-0.22;31.368;5;0;0;;0;0;0;0;0;0;0
31.07.2018;07:35:00;UTC+2;USATBOESG-2;1;0;0;3;0;1005.0138;-0.2205;31.4033;5;0;0;;0;0;0;0;0;0;0
31.07.2018;07:36:00;UTC+2;USATBOESG-2;1;0;0;3;0;1005.0158;-0.2293;31.4367;5;0;0;;0;0;0;0;0;0;0
31.07.2018;07:37:00;UTC+2;USATBOESG-2;1;0;0;3;0;1005.0402;-0.1895;31.4715;5;0;0;;0;0;0;0;0;0;0
31.07.2018;07:38:00;UTC+2;USATBOESG-2;1;0;0;3;0;1005.0625;-0.16;31.5053;5;0;0;;0;0;0;0;0;0;0
31.07.2018;07:39:00;UTC+2;USATBOESG-2;1;0;0;3;0;1005.0555;-0.1602;31.5385;5;0;0;;0;0;0;0;0;0;0
31.07.2018;07:40:00;UTC+2;USATBOESG-2;1;0;0;3;0;1005.0103;-0.169;31.5705;5;0;0;;0;0;0;0;0;0;0
31.07.2018;07:41:00;UTC+2;USATBOESG-2;1;0;0;3;0;1005.0582;-0.1403;31.5997;5;0;0;;0;0;0;0;0;0;0
31.07.2018;07:42:00;UTC+2;USATBOESG-2;1;0;0;3;0;1005.0445;-0.1497;31.6318;5;0;0;;0;0;0;0;0;0;0
31.07.2018;07:43:00;UTC+2;USATBOESG-2;1;0;0;3;0;1005.0377;-0.1413;31.6603;5;0;0;;0;0;0;0;0;0;0
31.07.2018;07:44:00;UTC+2;USATBOESG-2;1;0;0;3;0;1005.0632;-0.1783;31.6853;5;0;0;;0;0;0;0;0;0;0
31.07.2018;07:45:00;UTC+2;USATBOESG-2;1;0;0;3;0;1005.0722;-0.1293;31.7115;5;0;0;;0;0;0;0;0;0;0
31.07.2018;07:46:00;UTC+2;USATBOESG-2;1;0;0;3;0;1005.0665;-0.111;31.735;5;0;0;;0;0;0;0;0;0;0
31.07.2018;07:47:00;UTC+2;USATBOESG-2;1;0;0;3;0;1005.0742;-0.128;31.7623;5;0;0;;0;0;0;0;0;0;0
31.07.2018;07:48:00;UTC+2;USATBOESG-2;1;0;0;3;0;1005.0765;-0.0905;31.7795;5;0;0;;0;0;0;0;0;0;0
31.07.2018;07:49:00;UTC+2;USATBOESG-2;1;0;0;3;0;1005.0895;-0.098;31.8043;5;0;0;;0;0;0;0;0;0;0
31.07.2018;07:50:00;UTC+2;USATBOESG-2;1;0;0;3;0;1005.1163;-0.06;31.8225;5;0;0;;0;0;0;0;0;0;0
31.07.2018;07:51:00;UTC+2;USATBOESG-2;1;0;0;3;0;1005.1157;-0.0575;31.8387;5;0;0;;0;0;0;0;0;0;0
31.07.2018;07:52:00;UTC+2;USATBOESG-2;1;0;0;3;0;1005.1022;-0.0115;31.8593;5;0;0;;0;0;0;0;0;0;0
31.07.2018;07:53:00;UTC+2;USATBOESG-2;1;0;0;3;0;1005.1042;-0.0398;31.8763;5;0;0;;0;0;0;0;0;0;0
31.07.2018;07:54:00;UTC+2;USATBOESG-2;1;0;0;3;0;1005.1025;-0.03;31.894;5;0;0;;0;0;0;0;0;0;0
31.07.2018;07:55:00;UTC+2;USATBOESG-2;1;0;0;3;0;1005.0962;-0.0293;31.9065;5;0;0;;0;0;0;0;0;0;0
31.07.2018;07:56:00;UTC+2;USATBOESG-2;1;0;0;3;0;1005.0948;0.0097;31.9185;5;0;0;;0;0;0;0;0;0;0
31.07.2018;07:57:00;UTC+2;USATBOESG-2;1;0;0;3;0;1005.1083;-0.0093;31.9347;5;0;0;;0;0;0;0;0;0;0
31.07.2018;07:58:00;UTC+2;USATBOESG-2;1;0;0;3;0;1005.1167;0.009;31.9475;5;0;0;;0;0;0;0;0;0;0
31.07.2018;07:59:00;UTC+2;USATBOESG-2;1;0;0;3;0;1005.0862;-0.0197;31.9575;5;0;0;;0;0;0;0;0;0;0
31.07.2018;08:00:00;UTC+2;USATBOESG-2;1;0;0;3;0;1005.1157;-0.0087;31.9693;5;0;0;;0;0;0;0;0;0;0
31.07.2018;08:01:00;UTC+2;USATBOESG-2;1;0;0;3;0;1005.1028;0.029;31.9832;5;0;0;;0;0;0;0;0;0;0
31.07.2018;08:02:00;UTC+2;USATBOESG-2;1;0;0;3;0;1005.129;0.0003;31.9905;5;0;0;;0;0;0;0;0;0;0
31.07.2018;08:03:00;UTC+2;USATBOESG-2;1;0;0;3;0;1005.1097;0.01;32.0017;5;0;0;;0;0;0;0;0;0;0
31.07.2018;08:04:00;UTC+2;USATBOESG-2;1;0;0;3;0;1005.1507;0.0105;32.009;5;0;0;;0;0;0;0;0;0;0
31.07.2018;08:05:00;UTC+2;USATBOESG-2;1;0;0;3;0;1005.1708;0.023;32.0187;5;0;0;;0;0;0;0;0;0;0
31.07.2018;08:06:00;UTC+2;USATBOESG-2;1;0;0;3;0;1005.1508;0.0795;32.026;5;0;0;;0;0;0;0;0;0;0
31.07.2018;08:07:00;UTC+2;USATBOESG-2;1;0;0;3;0;1005.1915;0.069;32.0333;5;0;0;;0;0;0;0;0;0;0
31.07.2018;08:08:00;UTC+2;USATBOESG-2;1;0;0;3;0;1005.2117;0.053;32.0418;4.9;0;0;;0;0;0;0;0;0;0
31.07.2018;08:09:00;UTC+2;USATBOESG-2;1;0;0;3;0;1005.2198;0.1115;32.0485;3;0;0;;0;0;0;0;0;0;0
31.07.2018;08:10:00;UTC+2;USATBOESG-2;1;0;0;3;0;1005.2585;0.1405;32.0575;3;0;0;;0;0;0;0;0;0;0
31.07.2018;08:11:00;UTC+2;USATBOESG-2;1;0;0;3;0;1005.2627;0.1702;32.0593;3;0;0;;0;0;0;0;0;0;0
31.07.2018;08:12:00;UTC+2;USATBOESG-2;1;0;0;3;0;1005.27;0.1802;32.0657;3;0;0;;0;0;0;0;0;0;0
31.07.2018;08:13:00;UTC+2;USATBOESG-2;1;0;0;3;0;1005.2657;0.1898;32.0713;3;0;0;;0;0;0;0;0;0;0
31.07.2018;08:14:00;UTC+2;USATBOESG-2;1;0;0;3;0;1005.2525;0.1817;32.076;3;0;0;;0;0;0;0;0;0;0
31.07.2018;08:15:00;UTC+2;USATBOESG-2;1;0;0;3;0;1005.211;0.2253;32.0833;3.0667;0;0;;0;0;0;0;0;0;0
31.07.2018;08:16:00;UTC+2;USATBOESG-2;1;0;0;3;0;1005.2058;0.093;32.0862;4.9333;0;0;;0;0;0;0;0;0;0
31.07.2018;08:17:00;UTC+2;USATBOESG-2;1;0;0;3;0;1005.2213;0.1803;32.0887;3;0;0;;0;0;0;0;0;0;0
31.07.2018;08:18:00;UTC+2;USATBOESG-2;1;0;0;3;0;1005.2425;0.1907;32.092;3;0;0;;0;0;0;0;0;0;0
31.07.2018;08:19:00;UTC+2;USATBOESG-2;1;0;0;3;0;1005.2023;0.2093;32.0958;3;0;0;;0;0;0;0;0;0;0
31.07.2018;08:20:00;UTC+2;USATBOESG-2;1;0;0;3;0;1005.2192;0.19;32.1002;3;0;0;;0;0;0;0;0;0;0
31.07.2018;08:21:00;UTC+2;USATBOESG-2;1;0;0;3;0;1005.22;0.189;32.1005;3;0;0;;0;0;0;0;0;0;0
31.07.2018;08:22:00;UTC+2;USATBOESG-2;1;0;0;3;0;1005.2145;0.1725;32.1032;3;0;0;;0;0;0;0;0;0;0
31.07.2018;08:23:00;UTC+2;USATBOESG-2;1;0;0;3;0;1005.2537;0.223;32.104;3;0;0;;0;0;0;0;0;0;0
31.07.2018;08:24:00;UTC+2;USATBOESG-2;1;0;0;3;0;1005.2597;0.2815;32.1085;3;0;0;;0;0;0;0;0;0;0
31.07.2018;08:25:00;UTC+2;USATBOESG-2;1;0;0;3;0;1005.2587;0.309;32.1097;3;0;0;;0;0;0;0;0;0;0
31.07.2018;08:26:00;UTC+2;USATBOESG-2;1;0;0;3;0;1005.2737;0.291;32.111;3;0;0;;0;0;0;0;0;0;0
31.07.2018;08:27:00;UTC+2;USATBOESG-2;1;0;0;3;0;1005.2793;0.31;32.1098;3;0;0;;0;0;0;0;0;0;0
31.07.2018;08:28:00;UTC+2;USATBOESG-2;1;0;0;3;0;1005.2653;0.309;32.112;2.9833;0;0;;0;0;0;0;0;0;0
31.07.2018;08:29:00;UTC+2;USATBOESG-2;1;0;0;3;0;1005.2687;0.2512;32.1138;2.0167;0;0;;0;0;0;0;0;0;0
31.07.2018;08:30:00;UTC+2;USATBOESG-2;1;0;0;3;0;1005.2695;0.3198;32.1145;3;0;0;;0;0;0;0;0;0;0
31.07.2018;08:31:00;UTC+2;USATBOESG-2;1;0;0;3;0;1005.2793;0.31;32.1125;3;0;0;;0;0;0;0;0;0;0
31.07.2018;08:32:00;UTC+2;USATBOESG-2;1;0;0;3;0;1005.2652;0.3093;32.1153;3;0;0;;0;0;0;0;0;0;0
31.07.2018;08:33:00;UTC+2;USATBOESG-2;1;0;0;3;0;1005.2732;0.291;32.114;3;0;0;;0;0;0;0;0;0;0
31.07.2018;08:34:00;UTC+2;USATBOESG-2;1;0;0;3;0;1005.2892;0.3213;32.1127;3;0;0;;0;0;0;0;0;0;0
31.07.2018;08:35:00;UTC+2;USATBOESG-2;1;0;0;3;0;1005.3017;0.36;32.1128;3;0;0;;0;0;0;0;0;0;0
31.07.2018;08:36:00;UTC+2;USATBOESG-2;1;0;0;3;0;1005.3028;0.3603;32.113;3;0;0;;0;0;0;0;0;0;0
31.07.2018;08:37:00;UTC+2;USATBOESG-2;1;0;0;3;0;1005.336;0.371;32.1122;3;0;0;;0;0;0;0;0;0;0
31.07.2018;08:38:00;UTC+2;USATBOESG-2;1;0;0;3;0;1005.3363;0.3895;32.1117;3;0;0;;0;0;0;0;0;0;0
31.07.2018;08:39:00;UTC+2;USATBOESG-2;1;0;0;3;0;1005.3192;0.3765;32.1083;3;0;0;;0;0;0;0;0;0;0
31.07.2018;08:40:00;UTC+2;USATBOESG-2;1;0;0;3;0;1005.3178;0.314;32.1062;3;0;0;;0;0;0;0;0;0;0
31.07.2018;08:41:00;UTC+2;USATBOESG-2;1;0;0;3;0;1005.3645;0.3915;32.1068;3;0;0;;0;0;0;0;0;0;0
31.07.2018;08:42:00;UTC+2;USATBOESG-2;1;0;0;3;0;1005.3678;0.4185;32.107;3;0;0;;0;0;0;0;0;0;0
31.07.2018;08:43:00;UTC+2;USATBOESG-2;1;0;0;3;0;1005.3738;0.3915;32.1045;3;0;0;;0;0;0;0;0;0;0
31.07.2018;08:44:00;UTC+2;USATBOESG-2;1;0;0;3;0;1005.3887;0.4195;32.0995;3;0;0;;0;0;0;0;0;0;0
31.07.2018;08:45:00;UTC+2;USATBOESG-2;1;0;0;3;0;1005.4122;0.3912;32.1005;3;0;0;;0;0;0;0;0;0;0
31.07.2018;08:46:00;UTC+2;USATBOESG-2;1;0;0;3;0;1005.4718;0.4602;32.1007;3;0;0;;0;0;0;0;0;0;0
31.07.2018;08:47:00;UTC+2;USATBOESG-2;1;0;0;3;0;1005.5012;0.4705;32.0997;3;0;0;;0;0;0;0;0;0;0
31.07.2018;08:48:00;UTC+2;USATBOESG-2;1;0;0;3;0;1005.538;0.5003;32.095;3;0;0;;0;0;0;0;0;0;0
31.07.2018;08:49:00;UTC+2;USATBOESG-2;1;0;0;3;0;1005.5272;0.5093;32.0977;3;0;0;;0;0;0;0;0;0;0
31.07.2018;08:50:00;UTC+2;USATBOESG-2;1;0;0;3;0;1005.5137;0.4907;32.0927;3;0;0;;0;0;0;0;0;0;0
31.07.2018;08:51:00;UTC+2;USATBOESG-2;1;0;0;3;0;1005.5012;0.5093;32.0878;3;0;0;;0;0;0;0;0;0;0
31.07.2018;08:52:00;UTC+2;USATBOESG-2;1;0;0;3;0;1005.5148;0.4903;32.0882;3;0;0;;0;0;0;0;0;0;0
31.07.2018;08:53:00;UTC+2;USATBOESG-2;1;0;0;3;0;1005.496;0.498;32.0883;3;0;0;;0;0;0;0;0;0;0
31.07.2018;08:54:00;UTC+2;USATBOESG-2;1;0;0;3;0;1005.4835;0.44;32.0845;3;0;0;;0;0;0;0;0;0;0
31.07.2018;08:55:00;UTC+2;USATBOESG-2;1;0;0;3;0;1005.492;0.44;32.0845;3;0;0;;0;0;0;0;0;0;0
31.07.2018;08:56:00;UTC+2;USATBOESG-2;1;0;0;3;0;1005.5032;0.441;32.0817;3;0;0;;0;0;0;0;0;0;0
31.07.2018;08:57:00;UTC+2;USATBOESG-2;1;0;0;3;0;1005.4913;0.4595;32.0815;3;0;0;;0;0;0;0;0;0;0
31.07.2018;08:58:00;UTC+2;USATBOESG-2;1;0;0;3;0;1005.4878;0.451;32.0795;3;0;0;;0;0;0;0;0;0;0
31.07.2018;08:59:00;UTC+2;USATBOESG-2;1;0;0;3;0;1005.4938;0.469;32.0767;3;0;0;;0;0;0;0;0;0;0
31.07.2018;09:00:00;UTC+2;USATBOESG-2;1;0;0;3;0;1005.4812;0.4505;32.0767;3;0;0;;0;0;0;0;0;0;0
31.07.2018;09:01:00;UTC+2;USATBOESG-2;1;0;0;3;0;1005.473;0.4598;32.0758;3;0;0;;0;0;0;0;0;0;0
31.07.2018;09:02:00;UTC+2;USATBOESG-2;1;0;0;3;0;1005.4635;0.4498;32.074;3;0;0;;0;0;0;0;0;0;0
31.07.2018;09:03:00;UTC+2;USATBOESG-2;1;0;0;3;0;1005.4605;0.4405;32.073;3;0;0;;0;0;0;0;0;0;0
31.07.2018;09:04:00;UTC+2;USATBOESG-2;1;0;0;3;0;1005.4437;0.4698;32.0687;3;0;0;;0;0;0;0;0;0;0
31.07.2018;09:05:00;UTC+2;USATBOESG-2;1;0;0;3;0;1005.4693;0.4607;32.0687;3;0;0;;0;0;0;0;0;0;0
31.07.2018;09:06:00;UTC+2;USATBOESG-2;1;0;0;3;0;1005.4745;0.4807;32.0672;3;0;0;;0;0;0;0;0;0;0
31.07.2018;09:07:00;UTC+2;USATBOESG-2;1;0;0;3;0;1005.4855;0.5003;32.0667;3;0;0;;0;0;0;0;0;0;0
31.07.2018;09:08:00;UTC+2;USATBOESG-2;1;0;0;3;0;1005.4942;0.5107;32.0665;3;0;0;;0;0;0;0;0;0;0
31.07.2018;09:09:00;UTC+2;USATBOESG-2;1;0;0;3;0;1005.5038;0.5307;32.0638;3;0;0;;0;0;0;0;0;0;0
31.07.2018;09:10:00;UTC+2;USATBOESG-2;1;0;0;3;0;1005.508;0.5517;32.0653;3;0;0;;0;0;0;0;0;0;0
31.07.2018;09:11:00;UTC+2;USATBOESG-2;1;0;0;3;0;1005.5158;0.5975;32.0627;3;0;0;;0;0;0;0;0;0;0
31.07.2018;09:12:00;UTC+2;USATBOESG-2;1;0;0;3;0;1005.526;0.549;32.0633;3;0;0;;0;0;0;0;0;0;0
31.07.2018;09:13:00;UTC+2;USATBOESG-2;1;0;0;3;0;1005.5467;0.5325;32.0582;3;0;0;;0;0;0;0;0;0;0
31.07.2018;09:14:00;UTC+2;USATBOESG-2;1;0;0;3;0;1005.535;0.5785;32.0575;3;0;0;;0;0;0;0;0;0;0
31.07.2018;09:15:00;UTC+2;USATBOESG-2;1;0;0;3;0;1005.5593;0.5535;32.0597;3;0;0;;0;0;0;0;0;0;0
31.07.2018;09:16:00;UTC+2;USATBOESG-2;1;0;0;3;0;1005.5622;0.6185;32.0585;3;0;0;;0;0;0;0;0;0;0
31.07.2018;09:17:00;UTC+2;USATBOESG-2;1;0;0;3;0;1005.5647;0.592;32.0583;3;0;0;;0;0;0;0;0;0;0
31.07.2018;09:18:00;UTC+2;USATBOESG-2;1;0;0;3;0;1005.5845;0.6308;32.0548;3;0;0;;0;0;0;0;0;0;0
31.07.2018;09:19:00;UTC+2;USATBOESG-2;1;0;0;3;0;1005.5958;0.6795;32.0535;3;0;0;;0;0;0;0;0;0;0
31.07.2018;09:20:00;UTC+2;USATBOESG-2;1;0;0;3;0;1005.5977;0.6502;32.0512;3;0;0;;0;0;0;0;0;0;0
31.07.2018;09:21:00;UTC+2;USATBOESG-2;1;0;0;3;0;1005.5783;0.6597;32.0512;2.9833;0;0;;0;0;0;0;0;0;0
31.07.2018;09:22:00;UTC+2;USATBOESG-2;1;0;0;3;0;1005.5717;0.6407;32.0493;2.0333;0;0;;0;0;0;0;0;0;0
31.07.2018;09:23:00;UTC+2;USATBOESG-2;1;0;0;3;0;1005.5788;0.6603;32.0493;2.9667;0;0;;0;0;0;0;0;0;0
31.07.2018;09:24:00;UTC+2;USATBOESG-2;1;0;0;3;0;1005.5767;0.671;32.0475;2;0;0;;0;0;0;0;0;0;0
31.07.2018;09:25:00;UTC+2;USATBOESG-2;1;0;0;3;0;1005.5813;0.6997;32.0475;2;0;0;;0;0;0;0;0;0;0
31.07.2018;09:26:00;UTC+2;USATBOESG-2;1;0;0;3;0;1005.5922;0.691;32.045;2;0;0;;0;0;0;0;0;0;0
31.07.2018;09:27:00;UTC+2;USATBOESG-2;1;0;0;3;0;1005.5997;0.72;32.0423;2;0;0;;0;0;0;0;0;0;0
31.07.2018;09:28:00;UTC+2;USATBOESG-2;1;0;0;3;0;1005.5977;0.72;32.0425;2;0;0;;0;0;0;0;0;0;0
31.07.2018;09:29:00;UTC+2;USATBOESG-2;1;0;0;3;0;1005.5848;0.72;32.0402;2;0;0;;0;0;0;0;0;0;0
31.07.2018;09:30:00;UTC+2;USATBOESG-2;1;0;0;3;0;1005.5963;0.7205;32.0388;2;0;0;;0;0;0;0;0;0;0
31.07.2018;09:31:00;UTC+2;USATBOESG-2;1;0;0;3;0;1005.558;0.729;32.0412;2;0;0;;0;0;0;0;0;0;0
31.07.2018;09:32:00;UTC+2;USATBOESG-2;1;0;0;3;0;1005.564;0.7085;32.0388;2;0;0;;0;0;0;0;0;0;0
31.07.2018;09:33:00;UTC+2;USATBOESG-2;1;0;0;3;0;1005.558;0.68;32.0372;2;0;0;;0;0;0;0;0;0;0
31.07.2018;09:34:00;UTC+2;USATBOESG-2;1;0;0;3;0;1005.5428;0.68;32.0335;2;0;0;;0;0;0;0;0;0;0
31.07.2018;09:35:00;UTC+2;USATBOESG-2;1;0;0;3;0;1005.5198;0.68;32.034;2;0;0;;0;0;0;0;0;0;0
31.07.2018;09:36:00;UTC+2;USATBOESG-2;1;0;0;3;0;1005.4952;0.6792;32.0303;2;0;0;;0;0;0;0;0;0;0
31.07.2018;09:37:00;UTC+2;USATBOESG-2;1;0;0;3;0;1005.4977;0.6305;32.031;2;0;0;;0;0;0;0;0;0;0
31.07.2018;09:38:00;UTC+2;USATBOESG-2;1;0;0;3;0;1005.487;0.6598;32.0298;2;0;0;;0;0;0;0;0;0;0
31.07.2018;09:39:00;UTC+2;USATBOESG-2;1;0;0;3;0;1005.5063;0.6507;32.0265;2;0;0;;0;0;0;0;0;0;0
31.07.2018;09:40:00;UTC+2;USATBOESG-2;1;0;0;3;0;1005.5115;0.67;32.0263;2;0;0;;0;0;0;0;0;0;0
31.07.2018;09:41:00;UTC+2;USATBOESG-2;1;0;0;3;0;1005.5098;0.67;32.0223;2;0;0;;0;0;0;0;0;0;0
31.07.2018;09:42:00;UTC+2;USATBOESG-2;1;0;0;3;0;1005.5197;0.669;32.0217;2;0;0;;0;0;0;0;0;0;0
31.07.2018;09:43:00;UTC+2;USATBOESG-2;1;0;0;3;0;1005.4993;0.639;32.0205;2;0;0;;0;0;0;0;0;0;0
31.07.2018;09:44:00;UTC+2;USATBOESG-2;1;0;0;3;0;1005.4793;0.6093;32.021;2;0;0;;0;0;0;0;0;0;0
31.07.2018;09:45:00;UTC+2;USATBOESG-2;1;0;0;3;0;1005.466;0.59;32.018;2;0;0;;0;0;0;0;0;0;0
31.07.2018;09:46:00;UTC+2;USATBOESG-2;1;0;0;3;0;1005.456;0.588;32.0162;2;0;0;;0;0;0;0;0;0;0
31.07.2018;09:47:00;UTC+2;USATBOESG-2;1;0;0;3;0;1005.4497;0.551;32.0162;2;0;0;;0;0;0;0;0;0;0
31.07.2018;09:48:00;UTC+2;USATBOESG-2;1;0;0;3;0;1005.4603;0.5665;32.0125;2;0;0;;0;0;0;0;0;0;0
31.07.2018;09:49:00;UTC+2;USATBOESG-2;1;0;0;3;0;1005.4607;0.502;32.0112;2;0;0;;0;0;0;0;0;0;0
31.07.2018;09:50:00;UTC+2;USATBOESG-2;1;0;0;3;0;1005.4433;0.54;32.0097;1.9;0;0;;0;0;0;0;0;0;0
31.07.2018;09:51:00;UTC+2;USATBOESG-2;1;0;0;3;0;1005.463;0.5425;32.0087;0.1333;0;0;;0;0;0;0;0;0;0
31.07.2018;09:52:00;UTC+2;USATBOESG-2;1;0;0;3;0;1005.4713;0.5895;32.0043;2;0;0;;0;0;0;0;0;0;0
31.07.2018;09:53:00;UTC+2;USATBOESG-2;1;0;0;3;0;1005.4657;0.5598;32.0052;1.9667;0;0;;0;0;0;0;0;0;0
31.07.2018;09:54:00;UTC+2;USATBOESG-2;1;0;0;3;0;1005.4582;0.5497;32.0018;0.0333;0;0;;0;0;0;0;0;0;0
31.07.2018;09:55:00;UTC+2;USATBOESG-2;1;0;0;3;0;1005.4627;0.5303;32.0007;2;0;0;;0;0;0;0;0;0;0
31.07.2018;09:56:00;UTC+2;USATBOESG-2;1;0;0;3;0;1005.4678;0.5517;31.9967;2;0;0;;0;0;0;0;0;0;0
31.07.2018;09:57:00;UTC+2;USATBOESG-2;1;0;0;3;0;1005.4528;0.5973;31.9983;1.9333;0;0;;0;0;0;0;0;0;0
31.07.2018;09:58:00;UTC+2;USATBOESG-2;1;0;0;3;0;1005.4332;0.5207;31.997;0;0;0;;0;0;0;0;0;0;0
31.07.2018;09:59:00;UTC+2;USATBOESG-2;1;0;0;3;0;1005.4262;0.5407;31.9967;0;0;0;;0;0;0;0;0;0;0
31.07.2018;10:00:00;UTC+2;USATBOESG-2;1;0;0;3;0;1005.3983;0.5577;31.9982;0;0;0;;0;0;0;0;0;0;0
31.07.2018;10:01:00;UTC+2;USATBOESG-2;1;0;0;3;0;1005.3957;0.491;31.9908;0;0;0;;0;0;0;0;0;0;0
31.07.2018;10:02:00;UTC+2;USATBOESG-2;1;0;0;3;0;1005.4023;0.519;31.9923;0;0;0;;0;0;0;0;0;0;0
31.07.2018;10:03:00;UTC+2;USATBOESG-2;1;0;0;3;0;1005.3763;0.4975;31.9908;0;0;0;;0;0;0;0;0;0;0
31.07.2018;10:04:00;UTC+2;USATBOESG-2;1;0;0;3;0;1005.352;0.451;31.9905;0;0;0;;0;0;0;0;0;0;0
31.07.2018;10:05:00;UTC+2;USATBOESG-2;1;0;0;3;0;1005.3572;0.4675;31.9905;0;0;0;;0;0;0;0;0;0;0
31.07.2018;10:06:00;UTC+2;USATBOESG-2;1;0;0;3;0;1005.3663;0.4205;31.9905;0;0;0;;0;0;0;0;0;0;0
31.07.2018;10:07:00;UTC+2;USATBOESG-2;1;0;0;3;0;1005.3487;0.43;31.9882;0;0;0;;0;0;0;0;0;0;0
31.07.2018;10:08:00;UTC+2;USATBOESG-2;1;0;0;3;0;1005.3742;0.4295;31.988;0;0;0;;0;0;0;0;0;0;0
31.07.2018;10:09:00;UTC+2;USATBOESG-2;1;0;0;3;0;1005.3778;0.42;31.9863;0;0;0;;0;0;0;0;0;0;0
31.07.2018;10:10:00;UTC+2;USATBOESG-2;1;0;0;3;0;1005.3603;0.4205;31.9887;0;0;0;;0;0;0;0;0;0;0
31.07.2018;10:11:00;UTC+2;USATBOESG-2;1;0;0;3;0;1005.3597;0.4498;31.987;0;0;0;;0;0;0;0;0;0;0
31.07.2018;10:12:00;UTC+2;USATBOESG-2;1;0;0;3;0;1005.349;0.44;31.9862;0;0;0;;0;0;0;0;0;0;0
31.07.2018;10:13:00;UTC+2;USATBOESG-2;1;0;0;3;0;1005.3447;0.4407;31.9833;0;0;0;;0;0;0;0;0;0;0
31.07.2018;10:14:00;UTC+2;USATBOESG-2;1;0;0;3;0;1005.3317;0.458;31.9853;0;0;0;;0;0;0;0;0;0;0
31.07.2018;10:15:00;UTC+2;USATBOESG-2;1;0;0;3;0;1005.3623;0.4;31.9852;0;0;0;;0;0;0;0;0;0;0
31.07.2018;10:16:00;UTC+2;USATBOESG-2;1;0;0;3;0;1005.3763;0.402;31.9848;0;0;0;;0;0;0;0;0;0;0
31.07.2018;10:17:00;UTC+2;USATBOESG-2;1;0;0;3;0;1005.3855;0.4597;31.9833;0;0;0;;0;0;0;0;0;0;0
31.07.2018;10:18:00;UTC+2;USATBOESG-2;1;0;0;3;0;1005.4035;0.451;31.9838;0;0;0;;0;0;0;0;0;0;0
31.07.2018;10:19:00;UTC+2;USATBOESG-2;1;0;0;3;0;1005.4035;0.482;31.9855;0;0;0;;0;0;0;0;0;0;0
31.07.2018;10:20:00;UTC+2;USATBOESG-2;1;0;0;3;0;1005.4268;0.5185;31.9863;0;0;0;;0;0;0;0;0;0;0
31.07.2018;10:21:00;UTC+2;USATBOESG-2;1;0;0;3;0;1005.4218;0.489;31.9845;0;0;0;;0;0;0;0;0;0;0
31.07.2018;10:22:00;UTC+2;USATBOESG-2;1;0;0;3;0;1005.424;0.4695;31.9843;0;0;0;;0;0;0;0;0;0;0
31.07.2018;10:23:00;UTC+2;USATBOESG-2;1;0;0;3;0;1005.4163;0.4575;31.9847;0;0;0;;0;0;0;0;0;0;0
31.07.2018;10:24:00;UTC+2;USATBOESG-2;1;0;0;3;0;1005.4125;0.413;31.9842;0;0;0;;0;0;0;0;0;0;0
31.07.2018;10:25:00;UTC+2;USATBOESG-2;1;0;0;3;0;1005.4222;0.4685;31.985;0;0;0;;0;0;0;0;0;0;0
31.07.2018;10:26:00;UTC+2;USATBOESG-2;1;0;0;3;0;1005.421;0.4397;31.9833;0;0;0;;0;0;0;0;0;0;0
31.07.2018;10:27:00;UTC+2;USATBOESG-2;1;0;0;3;0;1005.4213;0.42;31.9847;0;0;0;;0;0;0;0;0;0;0
31.07.2018;10:28:00;UTC+2;USATBOESG-2;1;0;0;3;0;1005.4127;0.42;31.9825;0;0;0;;0;0;0;0;0;0;0
31.07.2018;10:29:00;UTC+2;USATBOESG-2;1;0;0;3;0;1005.4083;0.42;31.981;0;0;0;;0;0;0;0;0;0;0
31.07.2018;10:30:00;UTC+2;USATBOESG-2;1;0;0;3;0;1005.4132;0.4203;31.9827;0;0;0;;0;0;0;0;0;0;0
31.07.2018;10:31:00;UTC+2;USATBOESG-2;1;0;0;3;0;1005.422;0.4297;31.9857;0;0;0;;0;0;0;0;0;0;0
31.07.2018;10:32:00;UTC+2;USATBOESG-2;1;0;0;3;0;1005.4327;0.42;31.9818;0;0;0;;0;0;0;0;0;0;0
31.07.2018;10:33:00;UTC+2;USATBOESG-2;1;0;0;3;0;1005.4258;0.4197;31.9848;0;0;0;;0;0;0;0;0;0;0
31.07.2018;10:34:00;UTC+2;USATBOESG-2;1;0;0;3;0;1005.4327;0.41;31.9833;0;0;0;;0;0;0;0;0;0;0
31.07.2018;10:35:00;UTC+2;USATBOESG-2;1;0;0;3;0;1005.4202;0.4103;31.986;0;0;0;;0;0;0;0;0;0;0
31.07.2018;10:36:00;UTC+2;USATBOESG-2;1;0;0;3;0;1005.4192;0.4185;31.9837;0;0;0;;0;0;0;0;0;0;0
31.07.2018;10:37:00;UTC+2;USATBOESG-2;1;0;0;3;0;1005.4197;0.389;31.9803;0;0;0;;0;0;0;0;0;0;0
31.07.2018;10:38:00;UTC+2;USATBOESG-2;1;0;0;3;0;1005.425;0.371;31.982;0;0;0;;0;0;0;0;0;0;0
31.07.2018;10:39:00;UTC+2;USATBOESG-2;1;0;0;3;0;1005.4287;0.3895;31.9827;0;0;0;;0;0;0;0;0;0;0
31.07.2018;10:40:00;UTC+2;USATBOESG-2;1;0;0;3;0;1005.4213;0.3795;31.9802;0;0;0;;0;0;0;0;0;0;0
31.07.2018;10:41:00;UTC+2;USATBOESG-2;1;0;0;3;0;1005.4177;0.37;31.9833;0;0;0;;0;0;0;0;0;0;0
31.07.2018;10:42:00;UTC+2;USATBOESG-2;1;0;0;3;0;1005.4218;0.37;31.9805;0;0;0;;0;0;0;0;0;0;0
31.07.2018;10:43:00;UTC+2;USATBOESG-2;1;0;0;3;0;1005.4267;0.3707;31.9827;0;0;0;;0;0;0;0;0;0;0
31.07.2018;10:44:00;UTC+2;USATBOESG-2;1;0;0;3;0;1005.44;0.4093;31.9847;0;0;0;;0;0;0;0;0;0;0
31.07.2018;10:45:00;UTC+2;USATBOESG-2;1;0;0;3;0;1005.4408;0.3697;31.9795;0;0;0;;0;0;0;0;0;0;0
31.07.2018;10:46:00;UTC+2;USATBOESG-2;1;0;0;3;0;1005.4397;0.3508;31.9785;0;0;0;;0;0;0;0;0;0;0
31.07.2018;10:47:00;UTC+2;USATBOESG-2;1;0;0;3;0;1005.4462;0.3987;31.9798;0;0;0;;0;0;0;0;0;0;0
31.07.2018;10:48:00;UTC+2;USATBOESG-2;1;0;0;3;0;1005.4482;0.3607;31.9805;0;0;0;;0;0;0;0;0;0;0
31.07.2018;10:49:00;UTC+2;USATBOESG-2;1;0;0;3;0;1005.4435;0.379;31.9803;0;0;0;;0;0;0;0;0;0;0
31.07.2018;10:50:00;UTC+2;USATBOESG-2;1;0;0;3;0;1005.439;0.35;31.9783;0;0;0;;0;0;0;0;0;0;0
31.07.2018;10:51:00;UTC+2;USATBOESG-2;1;0;0;3;0;1005.4422;0.349;31.9807;0;0;0;;0;0;0;0;0;0;0
31.07.2018;10:52:00;UTC+2;USATBOESG-2;1;0;0;3;0;1005.4442;0.3213;31.9792;0;0;0;;0;0;0;0;0;0;0
31.07.2018;10:53:00;UTC+2;USATBOESG-2;1;0;0;3;0;1005.4653;0.36;31.9743;0;0;0;;0;0;0;0;0;0;0
31.07.2018;10:54:00;UTC+2;USATBOESG-2;1;0;0;3;0;1005.4595;0.3595;31.9748;0;0;0;;0;0;0;0;0;0;0
31.07.2018;10:55:00;UTC+2;USATBOESG-2;1;0;0;3;0;1005.4532;0.349;31.975;0;0;0;;0;0;0;0;0;0;0
31.07.2018;10:56:00;UTC+2;USATBOESG-2;1;0;0;3;0;1005.4545;0.331;31.9743;0;0;0;;0;0;0;0;0;0;0
31.07.2018;10:57:00;UTC+2;USATBOESG-2;1;0;0;3;0;1005.456;0.3485;31.974;0;0;0;;0;0;0;0;0;0;0
31.07.2018;10:58:00;UTC+2;USATBOESG-2;1;0;0;3;0;1005.465;0.323;31.9733;0;0;0;;0;0;0;0;0;0;0
31.07.2018;10:59:00;UTC+2;USATBOESG-2;1;0;0;3;0;1005.4505;0.379;31.972;0;0;0;;0;0;0;0;0;0;0
31.07.2018;11:00:00;UTC+2;USATBOESG-2;1;0;0;3;0;1005.4557;0.3592;31.9688;0;0;0;;0;0;0;0;0;0;0
31.07.2018;11:01:00;UTC+2;USATBOESG-2;1;0;0;3;0;1005.445;0.3108;31.9698;0;0;0;;0;0;0;0;0;0;0
31.07.2018;11:02:00;UTC+2;USATBOESG-2;1;0;0;3;0;1005.4357;0.3592;31.971;0;0;0;;0;0;0;0;0;0;0
31.07.2018;11:03:00;UTC+2;USATBOESG-2;1;0;0;3;0;1005.4285;0.3097;31.9733;0;0;0;;0;0;0;0;0;0;0
31.07.2018;11:04:00;UTC+2;USATBOESG-2;1;0;0;3;0;1005.4198;0.2893;31.9702;0;0;0;;0;0;0;0;0;0;0
31.07.2018;11:05:00;UTC+2;USATBOESG-2;1;0;0;3;0;1005.4028;0.2683;31.9675;0;0;0;;0;0;0;0;0;0;0
31.07.2018;11:06:00;UTC+2;USATBOESG-2;1;0;0;3;0;1005.4007;0.2203;31.967;0;0;0;;0;0;0;0;0;0;0
31.07.2018;11:07:00;UTC+2;USATBOESG-2;1;0;0;3;0;1005.405;0.23;31.9665;0;0;0;;0;0;0;0;0;0;0
31.07.2018;11:08:00;UTC+2;USATBOESG-2;1;0;0;3;0;1005.395;0.2287;31.965;0;0;0;;0;0;0;0;0;0;0
31.07.2018;11:09:00;UTC+2;USATBOESG-2;1;0;0;3;0;1005.399;0.1897;31.9667;0;0;0;;0;0;0;0;0;0;0
31.07.2018;11:10:00;UTC+2;USATBOESG-2;1;0;0;3;0;1005.4113;0.179;31.9632;0;0;0;;0;0;0;0;0;0;0
31.07.2018;11:11:00;UTC+2;USATBOESG-2;1;0;0;3;0;1005.42;0.159;31.9635;0;0;0;;0;0;0;0;0;0;0
31.07.2018;11:12:00;UTC+2;USATBOESG-2;1;0;0;3;0;1005.4177;0.14;31.9632;0;0;0;;0;0;0;0;0;0;0
31.07.2018;11:13:00;UTC+2;USATBOESG-2;1;0;0;3;0;1005.425;0.141;31.9618;0;0;0;;0;0;0;0;0;0;0
31.07.2018;11:14:00;UTC+2;USATBOESG-2;1;0;0;3;0;1005.4263;0.1585;31.9623;0;0;0;;0;0;0;0;0;0;0
31.07.2018;11:15:00;UTC+2;USATBOESG-2;1;0;0;3;0;1005.4202;0.1375;31.9607;0;0;0;;0;0;0;0;0;0;0
31.07.2018;11:16:00;UTC+2;USATBOESG-2;1;0;0;3;0;1005.423;0.275;31.9582;0;0;0;;0;0;0;0;0;0;0
31.07.2018;11:17:00;UTC+2;USATBOESG-2;1;0;0;3;0;1005.4065;0.1797;31.9568;0;0;0;;0;0;0;0;0;0;0
31.07.2018;11:18:00;UTC+2;USATBOESG-2;1;0;0;3;0;1005.3875;0.1595;31.9563;0;0;0;;0;0;0;0;0;0;0
31.07.2018;11:19:00;UTC+2;USATBOESG-2;1;0;0;3;0;1005.377;0.1305;31.9553;0;0;0;;0;0;0;0;0;0;0
31.07.2018;11:20:00;UTC+2;USATBOESG-2;1;0;0;3;0;1005.368;0.1602;31.9552;0;0;0;;0;0;0;0;0;0;0
31.07.2018;11:21:00;UTC+2;USATBOESG-2;1;0;0;3;0;1005.3643;0.1707;31.9505;0;0;0;;0;0;0;0;0;0;0
31.07.2018;11:22:00;UTC+2;USATBOESG-2;1;0;0;3;0;1005.3608;0.1883;31.9525;0;0;0;;0;0;0;0;0;0;0
31.07.2018;11:23:00;UTC+2;USATBOESG-2;1;0;0;3;0;1005.3618;0.138;31.9503;0;0;0;;0;0;0;0;0;0;0
31.07.2018;11:24:00;UTC+2;USATBOESG-2;1;0;0;3;0;1005.358;0.079;31.9505;0;0;0;;0;0;0;0;0;0;0
31.07.2018;11:25:00;UTC+2;USATBOESG-2;1;0;0;3;0;1005.3447;0.051;31.9483;0;0;0;;0;0;0;0;0;0;0
31.07.2018;11:26:00;UTC+2;USATBOESG-2;1;0;0;3;0;1005.3595;0.0803;31.9462;0;0;0;;0;0;0;0;0;0;0
31.07.2018;11:27:00;UTC+2;USATBOESG-2;1;0;0;3;0;1005.3675;0.09;31.9453;0;0;0;;0;0;0;0;0;0;0
31.07.2018;11:28:00;UTC+2;USATBOESG-2;1;0;0;3;0;1005.3677;0.093;31.9465;0;0;0;;0;0;0;0;0;0;0
31.07.2018;11:29:00;UTC+2;USATBOESG-2;1;0;0;3;0;1005.3607;0.146;31.9463;0;0;0;;0;0;0;0;0;0;0
31.07.2018;11:30:00;UTC+2;USATBOESG-2;1;0;0;3;0;1005.359;0.0705;31.945;0;0;0;;0;0;0;0;0;0;0
31.07.2018;11:31:00;UTC+2;USATBOESG-2;1;0;0;3;0;1005.3548;0.079;31.9463;0;0;0;;0;0;0;0;0;0;0
31.07.2018;11:32:00;UTC+2;USATBOESG-2;1;0;0;3;0;1005.3565;0.062;31.939;0;0;0;;0;0;0;0;0;0;0
31.07.2018;11:33:00;UTC+2;USATBOESG-2;1;0;0;3;0;1005.3577;0.098;31.9382;0;0;0;;0;0;0;0;0;0;0
31.07.2018;11:34:00;UTC+2;USATBOESG-2;1;0;0;3;0;1005.3577;0.0598;31.9372;0;0;0;;0;0;0;0;0;0;0
31.07.2018;11:35:00;UTC+2;USATBOESG-2;1;0;0;3;0;1005.363;0.0502;31.9375;0;0;0;;0;0;0;0;0;0;0
31.07.2018;11:36:00;UTC+2;USATBOESG-2;1;0;0;3;0;1005.3777;0.0593;31.9348;0;0;0;;0;0;0;0;0;0;0
31.07.2018;11:37:00;UTC+2;USATBOESG-2;1;0;0;3;0;1005.3665;0.0202;31.9357;0;0;0;;0;0;0;0;0;0;0
31.07.2018;11:38:00;UTC+2;USATBOESG-2;1;0;0;3;0;1005.3717;0.0303;31.9323;0;0;0;;0;0;0;0;0;0;0
31.07.2018;11:39:00;UTC+2;USATBOESG-2;1;0;0;3;0;1005.3787;0.0417;31.9337;0;0;0;;0;0;0;0;0;0;0
31.07.2018;11:40:00;UTC+2;USATBOESG-2;1;0;0;3;0;1005.3803;0.0873;31.9317;0;0;0;;0;0;0;0;0;0;0
31.07.2018;11:41:00;UTC+2;USATBOESG-2;1;0;0;3;0;1005.3848;0.0103;31.9285;0.1333;0;0;;0;0;0;0;0;0;0
31.07.2018;11:42:00;UTC+2;USATBOESG-2;1;0;0;3;0;1005.3962;0.0207;31.9272;4;0;0;;0;0;0;0;0;0;0
31.07.2018;11:43:00;UTC+2;USATBOESG-2;1;0;0;3;0;1005.3947;0.039;31.9293;4;0;0;;0;0;0;0;0;0;0
31.07.2018;11:44:00;UTC+2;USATBOESG-2;1;0;0;3;0;1005.3932;0.01;31.926;4;0;0;;0;0;0;0;0;0;0
31.07.2018;11:45:00;UTC+2;USATBOESG-2;1;0;0;3;0;1005.3957;0.0065;31.9233;4;0;0;;0;0;0;0;0;0;0
31.07.2018;11:46:00;UTC+2;USATBOESG-2;1;0;0;3;0;1005.4025;-0.0615;31.9213;4;0;0;;0;0;0;0;0;0;0
31.07.2018;11:47:00;UTC+2;USATBOESG-2;1;0;0;3;0;1005.4093;-0.0915;31.922;4.15;0;0;;0;0;0;0;0;0;0
31.07.2018;11:48:00;UTC+2;USATBOESG-2;1;0;0;3;0;1005.409;-0.1205;31.9207;7;0;0;;0;0;0;0;0;0;0
31.07.2018;11:49:00;UTC+2;USATBOESG-2;1;0;0;3;0;1005.4188;-0.1285;31.9153;6.85;0;0;;0;0;0;0;0;0;0
31.07.2018;11:50:00;UTC+2;USATBOESG-2;1;0;0;3;0;1005.427;-0.0995;31.9157;4;0;0;;0;0;0;0;0;0;0
31.07.2018;11:51:00;UTC+2;USATBOESG-2;1;0;0;3;0;1005.4285;-0.09;31.915;4;0;0;;0;0;0;0;0;0;0
31.07.2018;11:52:00;UTC+2;USATBOESG-2;1;0;0;3;0;1005.4302;-0.0897;31.9153;4;0;0;;0;0;0;0;0;0;0
31.07.2018;11:53:00;UTC+2;USATBOESG-2;1;0;0;3;0;1005.4388;-0.0697;31.9137;4;0;0;;0;0;0;0;0;0;0
31.07.2018;11:54:00;UTC+2;USATBOESG-2;1;0;0;3;0;1005.4448;-0.0495;31.9135;4;0;0;;0;0;0;0;0;0;0
31.07.2018;11:55:00;UTC+2;USATBOESG-2;1;0;0;3;0;1005.4513;-0.0207;31.9097;4;0;0;;0;0;0;0;0;0;0
31.07.2018;11:56:00;UTC+2;USATBOESG-2;1;0;0;3;0;1005.4492;-0.0407;31.9082;4;0;0;;0;0;0;0;0;0;0
31.07.2018;11:57:00;UTC+2;USATBOESG-2;1;0;0;3;0;1005.438;-0.0603;31.9067;4;0;0;;0;0;0;0;0;0;0
31.07.2018;11:58:00;UTC+2;USATBOESG-2;1;0;0;3;0;1005.4402;-0.0697;31.9067;4;0;0;;0;0;0;0;0;0;0
31.07.2018;11:59:00;UTC+2;USATBOESG-2;1;0;0;3;0;1005.44;-0.0597;31.9025;4;0;0;;0;0;0;0;0;0;0
31.07.2018;12:00:00;UTC+2;USATBOESG-2;1;0;0;3;0;1005.4337;-0.0493;31.903;4;0;0;;0;0;0;0;0;0;0
31.07.2018;12:01:00;UTC+2;USATBOESG-2;1;0;0;3;0;1005.4292;-0.03;31.9055;4;0;0;;0;0;0;0;0;0;0
31.07.2018;12:02:00;UTC+2;USATBOESG-2;1;0;0;3;0;1005.4302;-0.0295;31.9007;4;0;0;;0;0;0;0;0;0;0
31.07.2018;12:03:00;UTC+2;USATBOESG-2;1;0;0;3;0;1005.4337;-0.02;31.902;4;0;0;;0;0;0;0;0;0;0
31.07.2018;12:04:00;UTC+2;USATBOESG-2;1;0;0;3;0;1005.4373;-0.0195;31.8972;4;0;0;;0;0;0;0;0;0;0
31.07.2018;12:05:00;UTC+2;USATBOESG-2;1;0;0;3;0;1005.4502;-0.0105;31.8965;4;0;0;;0;0;0;0;0;0;0
31.07.2018;12:06:00;UTC+2;USATBOESG-2;1;0;0;3;0;1005.4458;-0.022;31.8972;4;0;0;;0;0;0;0;0;0;0
31.07.2018;12:07:00;UTC+2;USATBOESG-2;1;0;0;3;0;1005.439;-0.06;31.8948;4;0;0;;0;0;0;0;0;0;0
31.07.2018;12:08:00;UTC+2;USATBOESG-2;1;0;0;3;0;1005.4512;-0.0597;31.8935;4;0;0;;0;0;0;0;0;0;0
31.07.2018;12:09:00;UTC+2;USATBOESG-2;1;0;0;3;0;1005.467;-0.04;31.8915;4;0;0;;0;0;0;0;0;0;0
31.07.2018;12:10:00;UTC+2;USATBOESG-2;1;0;0;3;0;1005.4845;-0.0402;31.8888;4;0;0;;0;0;0;0;0;0;0
31.07.2018;12:11:00;UTC+2;USATBOESG-2;1;0;0;3;0;1005.492;-0.0493;31.8897;4;0;0;;0;0;0;0;0;0;0
31.07.2018;12:12:00;UTC+2;USATBOESG-2;1.0167;0;0;3;0;1005.4907;-0.0115;31.8884;4;0;0;;0;0;0;0;0;0;0
31.07.2018;12:13:00;UTC+2;USATBOESG-2;1;0;0;3;0;1005.4882;-0.041;31.886;4;0;0;;0;0;0;0;0;0;0
31.07.2018;12:14:00;UTC+2;USATBOESG-2;1;0;0;3;0;1005.4832;-0.06;31.884;4;0;0;;0;0;0;0;0;0;0
31.07.2018;12:15:00;UTC+2;USATBOESG-2;1;0;0;3;0;1005.4742;-0.0605;31.8838;4;0;0;;0;0;0;0;0;0;0
31.07.2018;12:16:00;UTC+2;USATBOESG-2;1;0;0;3;0;1005.4705;-0.0725;31.8823;4.15;0;0;;0;0;0;0;0;0;0
31.07.2018;12:17:00;UTC+2;USATBOESG-2;1;0;0;3;0;1005.4507;-0.12;31.8785;7;0;0;;0;0;0;0;0;0;0
31.07.2018;12:18:00;UTC+2;USATBOESG-2;1;0;0;3;0;1005.4512;-0.122;31.8775;7;0;0;;0;0;0;0;0;0;0
31.07.2018;12:19:00;UTC+2;USATBOESG-2;1;0;0;3;0;1005.445;-0.1513;31.8798;7;0;0;;0;0;0;0;0;0;0
31.07.2018;12:20:00;UTC+2;USATBOESG-2;1;0;0;3;0;1005.4363;-0.17;31.878;7;0;0;;0;0;0;0;0;0;0
31.07.2018;12:21:00;UTC+2;USATBOESG-2;1;0;0;3;0;1005.442;-0.1673;31.8738;7;0;0;;0;0;0;0;0;0;0
31.07.2018;12:22:00;UTC+2;USATBOESG-2;1;0;0;3;0;1005.4428;-0.132;31.8737;7;0;0;;0;0;0;0;0;0;0
31.07.2018;12:23:00;UTC+2;USATBOESG-2;1;0;0;3;0;1005.4422;-0.158;31.8752;7;0;0;;0;0;0;0;0;0;0
31.07.2018;12:24:00;UTC+2;USATBOESG-2;1;0;0;3;0;1005.4487;-0.13;31.8712;7;0;0;;0;0;0;0;0;0;0
31.07.2018;12:25:00;UTC+2;USATBOESG-2;1;0;0;3;0;1005.456;-0.1297;31.8743;7;0;0;;0;0;0;0;0;0;0
31.07.2018;12:26:00;UTC+2;USATBOESG-2;1;0;0;3;0;1005.4683;-0.1197;31.8692;7;0;0;;0;0;0;0;0;0;0
31.07.2018;12:27:00;UTC+2;USATBOESG-2;1;0;0;3;0;1005.4748;-0.1103;31.8683;7;0;0;;0;0;0;0;0;0;0
31.07.2018;12:28:00;UTC+2;USATBOESG-2;1;0;0;3;0;1005.4795;-0.1197;31.8663;7;0;0;;0;0;0;0;0;0;0
31.07.2018;12:29:00;UTC+2;USATBOESG-2;1;0;0;3;0;1005.4847;-0.1105;31.8643;7;0;0;;0;0;0;0;0;0;0
31.07.2018;12:30:00;UTC+2;USATBOESG-2;1;0;0;3;0;1005.4732;-0.12;31.8658;6.9;0;0;;0;0;0;0;0;0;0
31.07.2018;12:31:00;UTC+2;USATBOESG-2;1;0;0;3;0;1005.4958;-0.1175;31.8637;4.95;0;0;;0;0;0;0;0;0;0
31.07.2018;12:44:00;UTC+2;USATBOESG-2;0;0;0;3;0;;;;;;;;;;;;;;
31.07.2018;12:45:00;UTC+2;USATBOESG-2;1;0;0;3;0;1005.5355;0.1933;31.8223;3.0333;0;0;;0;0;0;0;0;0;0
31.07.2018;12:46:00;UTC+2;USATBOESG-2;1;0;0;3;0;1005.4453;0.001;31.8198;4;0;0;;0;0;0;0;0;0;0
31.07.2018;12:47:00;UTC+2;USATBOESG-2;1;0;0;3;0;1005.46;0.02;31.8183;4;0;0;;0;0;0;0;0;0;0
31.07.2018;12:48:00;UTC+2;USATBOESG-2;1;0;0;3;0;1000.0223;-1.794;31.8177;4.2;0;0;-715.95;0;0;0;0;0;0;0
31.07.2018;12:49:00;UTC+2;USATBOESG-2;1;0;0;3;0;921.1562;-41.086;31.7847;8;0;0;-83.25;0;0;0;0;0;0;0
31.07.2018;12:50:00;UTC+2;USATBOESG-2;1;0;0;3;0;901.4485;-108.202;31.769;8;0;0;-832.5;0;0;0;0;0;0;0
31.07.2018;12:51:10;UTC+2;USATBOESG-2;0;0;0;1;0;;;;;;;;;;;;;;
31.07.2018;12:51:20;UTC+2;USATBOESG-2;1;0;0;1;0;906.029;-99.86;31.769;8;0;0;;0;0;0;0;0;0;0
31.07.2018;12:51:30;UTC+2;USATBOESG-2;1;0;0;1;0;906.298;-99.86;31.762;8;0;0;;0;0;0;0;0;0;0
31.07.2018;12:51:40;UTC+2;USATBOESG-2;1;0;0;1;0;906.545;-99.86;31.766;8;0;0;;0;0;0;0;0;0;0
31.07.2018;12:51:50;UTC+2;USATBOESG-2;1;0;0;1;0;906.788;-99.86;31.759;8;0;0;;0;0;0;0;0;0;0
31.07.2018;12:52:00;UTC+2;USATBOESG-2;1;0;0;1;0;907.024;-99.413;31.769;8;0;0;;0;0;0;0;0;0;0
31.07.2018;12:52:10;UTC+2;USATBOESG-2;1;0;0;1;0;907.247;-98.37;31.761;8;0;0;;0;0;0;0;0;0;0
31.07.2018;12:52:20;UTC+2;USATBOESG-2;1;0;0;1;0;900.501;-98.37;31.761;8;0;0;-99.9;0;0;0;0;0;0;0
31.07.2018;12:52:30;UTC+2;USATBOESG-2;1;0;0;1;0;878.266;-98.37;31.752;8;0;0;0;0;0;0;0;0;0;0
31.07.2018;12:52:40;UTC+2;USATBOESG-2;1;0;0;1;0;856.008;-98.37;31.75;8;0;0;0;0;0;0;0;0;0;0
31.07.2018;12:52:50;UTC+2;USATBOESG-2;1;0;0;1;0;845.236;-98.37;31.737;8;0;0;-199.8;0;0;0;0;0;0;0
31.07.2018;12:53:00;UTC+2;USATBOESG-2;1;0;0;1;0;847.577;-121.858;31.733;8;0;0;0;0;0;0;0;0;0;0
31.07.2018;12:53:10;UTC+2;USATBOESG-2;1;0;0;1;0;849.859;-157.09;31.728;8;0;0;-599.4;0;0;0;0;0;0;0
31.07.2018;12:53:20;UTC+2;USATBOESG-2;1;0;0;1;0;851.375;-157.09;31.737;8;0;0;;0;0;0;0;0;0;0
31.07.2018;12:53:30;UTC+2;USATBOESG-2;1;0;0;1;0;852.386;-157.09;31.728;8;0;0;;0;0;0;0;0;0;0
31.07.2018;12:53:40;UTC+2;USATBOESG-2;1;0;0;1;0;853.197;-157.09;31.729;8;0;0;;0;0;0;0;0;0;0
31.07.2018;12:53:50;UTC+2;USATBOESG-2;1;0;0;1;0;853.826;-157.09;31.729;8;0;0;;0;0;0;0;0;0;0
31.07.2018;12:54:00;UTC+2;USATBOESG-2;1;0;0;1;0;854.376;-155.85;31.731;8;0;0;;0;0;0;0;0;0;0
31.07.2018;12:54:10;UTC+2;USATBOESG-2;1;0;0;1;0;854.852;-150.89;31.728;8;0;0;;0;0;0;0;0;0;0
31.07.2018;12:54:20;UTC+2;USATBOESG-2;1;0;0;1;0;855.286;-150.89;31.726;8;0;0;;0;0;0;0;0;0;0
31.07.2018;12:54:30;UTC+2;USATBOESG-2;1;0;0;1;0;855.678;-150.89;31.723;8;0;0;;0;0;0;0;0;0;0
31.07.2018;12:54:40;UTC+2;USATBOESG-2;1;0;0;1;0;856.056;-150.89;31.73;8;0;0;;0;0;0;0;0;0;0
31.07.2018;12:54:50;UTC+2;USATBOESG-2;1;0;0;1;0;856.402;-150.89;31.728;8;0;0;;0;0;0;0;0;0;0
31.07.2018;12:55:00;UTC+2;USATBOESG-2;1;0;0;1;0;856.92;-150.044;31.723;8;0;0;-699.3;0;0;0;0;0;0;0
31.07.2018;12:55:10;UTC+2;USATBOESG-2;1;0;0;1;0;860.41;-148.07;31.726;8;0;0;0;0;0;0;0;0;0;0
31.07.2018;12:55:20;UTC+2;USATBOESG-2;1;0;0;1;0;864.425;-148.07;31.721;8;0;0;-199.8;0;0;0;0;0;0;0
31.07.2018;12:55:30;UTC+2;USATBOESG-2;1;0;0;1;0;865.07;-148.07;31.725;8;0;0;;0;0;0;0;0;0;0
31.07.2018;12:55:40;UTC+2;USATBOESG-2;1;0;0;1;0;865.066;-148.07;31.726;8;0;0;;0;0;0;0;0;0;0
31.07.2018;12:55:50;UTC+2;USATBOESG-2;1;0;0;1;0;865.151;-148.07;31.727;8;0;0;;0;0;0;0;0;0;0
31.07.2018;12:56:00;UTC+2;USATBOESG-2;1;0;0;1;0;865.299;-144.898;31.723;8;0;0;;0;0;0;0;0;0;0
31.07.2018;12:56:10;UTC+2;USATBOESG-2;1;0;0;1;0;865.489;-140.14;31.717;8;0;0;;0;0;0;0;0;0;0
31.07.2018;12:56:20;UTC+2;USATBOESG-2;1;0;0;1;0;865.695;-140.14;31.722;8;0;0;;0;0;0;0;0;0;0
31.07.2018;12:56:30;UTC+2;USATBOESG-2;1;0;0;1;0;865.916;-140.14;31.719;8;0;0;;0;0;0;0;0;0;0
31.07.2018;12:56:40;UTC+2;USATBOESG-2;1;0;0;1;0;866.313;-140.14;31.717;8;0;0;-899.1;0;0;0;0;0;0;0
31.07.2018;12:56:50;UTC+2;USATBOESG-2;1;0;0;1;0;869.044;-140.14;31.718;8;0;0;0;0;0;0;0;0;0;0
31.07.2018;12:57:00;UTC+2;USATBOESG-2;1;0;0;1;0;873.592;-138.296;31.719;8;0;0;-199.8;0;0;0;0;0;0;0
31.07.2018;12:57:10;UTC+2;USATBOESG-2;1;0;0;1;0;874.479;-130.92;31.721;8;0;0;;0;0;0;0;0;0;0
31.07.2018;12:57:20;UTC+2;USATBOESG-2;1;0;0;1;0;874.411;-130.92;31.718;8;0;0;;0;0;0;0;0;0;0
31.07.2018;12:57:30;UTC+2;USATBOESG-2;1;0;0;1;0;874.418;-130.92;31.72;8;0;0;;0;0;0;0;0;0;0
31.07.2018;12:57:40;UTC+2;USATBOESG-2;1;0;0;1;0;874.525;-130.92;31.719;8;0;0;;0;0;0;0;0;0;0
31.07.2018;12:57:50;UTC+2;USATBOESG-2;1;0;0;1;0;874.659;-130.92;31.723;8;0;0;;0;0;0;0;0;0;0
31.07.2018;12:58:00;UTC+2;USATBOESG-2;1;0;0;1;0;874.829;-130.809;31.719;8;0;0;;0;0;0;0;0;0;0
31.07.2018;12:58:10;UTC+2;USATBOESG-2;1;0;0;1;0;875.031;-130.55;31.723;8;0;0;;0;0;0;0;0;0;0
31.07.2018;12:58:20;UTC+2;USATBOESG-2;1;0;0;1;0;875.261;-130.55;31.714;8;0;0;;0;0;0;0;0;0;0
31.07.2018;12:58:30;UTC+2;USATBOESG-2;1;0;0;1;0;875.493;-130.55;31.718;8;0;0;;0;0;0;0;0;0;0
31.07.2018;12:58:40;UTC+2;USATBOESG-2;1;0;0;1;0;875.741;-130.55;31.715;8;0;0;;0;0;0;0;0;0;0
31.07.2018;12:58:50;UTC+2;USATBOESG-2;1;0;0;1;0;876.218;-130.55;31.716;8;0;0;-699.3;0;0;0;0;0;0;0
31.07.2018;12:59:00;UTC+2;USATBOESG-2;1;0;0;1;0;880.517;-127.77;31.716;8;0;0;0;0;0;0;0;0;0;0
31.07.2018;12:59:10;UTC+2;USATBOESG-2;1;0;0;1;0;884.79;-123.6;31.719;8;0;0;-599.4;0;0;0;0;0;0;0
31.07.2018;12:59:20;UTC+2;USATBOESG-2;1;0;0;1;0;884.939;-123.6;31.717;8;0;0;;0;0;0;0;0;0;0
31.07.2018;12:59:30;UTC+2;USATBOESG-2;1;0;0;1;0;884.847;-123.6;31.716;8;0;0;;0;0;0;0;0;0;0
31.07.2018;12:59:40;UTC+2;USATBOESG-2;1;0;0;1;0;884.864;-123.6;31.713;8;0;0;;0;0;0;0;0;0;0
31.07.2018;12:59:50;UTC+2;USATBOESG-2;1;0;0;1;0;884.951;-123.6;31.71;8;0;0;;0;0;0;0;0;0;0
31.07.2018;13:00:00;UTC+2;USATBOESG-2;1;0;0;1;0;885.087;-122.595;31.717;8;0;0;;0;0;0;0;0;0;0
31.07.2018;13:00:10;UTC+2;USATBOESG-2;1;0;0;1;0;885.253;-120.25;31.71;8;0;0;;0;0;0;0;0;0;0
31.07.2018;13:00:20;UTC+2;USATBOESG-2;1;0;0;1;0;885.444;-120.25;31.717;8;0;0;;0;0;0;0;0;0;0
31.07.2018;13:00:30;UTC+2;USATBOESG-2;1;0;0;1;0;885.639;-120.25;31.714;8;0;0;;0;0;0;0;0;0;0
31.07.2018;13:00:40;UTC+2;USATBOESG-2;1;0;0;1;0;885.855;-120.25;31.714;8;0;0;;0;0;0;0;0;0;0
31.07.2018;13:00:50;UTC+2;USATBOESG-2;1;0;0;1;0;886.078;-120.25;31.712;8;0;0;;0;0;0;0;0;0;0
31.07.2018;13:01:00;UTC+2;USATBOESG-2;1;0;0;1;0;886.337;-119.766;31.718;8;0;0;;0;0;0;0;0;0;0
31.07.2018;13:01:10;UTC+2;USATBOESG-2;1;0;0;1;0;888.981;-119.04;31.716;8;0;0;-199.8;0;0;0;0;0;0;0
31.07.2018;13:01:20;UTC+2;USATBOESG-2;1;0;0;1;0;894.174;-119.04;31.719;8;0;0;-199.8;0;0;0;0;0;0;0
31.07.2018;13:01:30;UTC+2;USATBOESG-2;1;0;0;1;0;895.019;-119.04;31.72;8;0;0;;0;0;0;0;0;0;0
31.07.2018;13:01:40;UTC+2;USATBOESG-2;1;0;0;1;0;894.908;-119.04;31.723;8;0;0;;0;0;0;0;0;0;0
31.07.2018;13:01:50;UTC+2;USATBOESG-2;1;0;0;1;0;894.897;-119.04;31.717;8;0;0;;0;0;0;0;0;0;0
31.07.2018;13:02:00;UTC+2;USATBOESG-2;1;0;0;1;0;894.953;-115.6;31.722;8;0;0;;0;0;0;0;0;0;0
31.07.2018;13:02:10;UTC+2;USATBOESG-2;1;0;0;1;0;895.076;-110.44;31.724;8;0;0;;0;0;0;0;0;0;0
31.07.2018;13:02:20;UTC+2;USATBOESG-2;1;0;0;1;0;895.224;-110.44;31.717;8;0;0;;0;0;0;0;0;0;0
31.07.2018;13:02:30;UTC+2;USATBOESG-2;1;0;0;1;0;895.395;-110.44;31.722;8;0;0;;0;0;0;0;0;0;0
31.07.2018;13:02:40;UTC+2;USATBOESG-2;1;0;0;1;0;895.571;-110.44;31.712;8;0;0;;0;0;0;0;0;0;0
31.07.2018;13:02:50;UTC+2;USATBOESG-2;1;0;0;1;0;895.768;-110.44;31.713;8;0;0;;0;0;0;0;0;0;0
31.07.2018;13:03:00;UTC+2;USATBOESG-2;1;0;0;1;0;895.97;-110.214;31.72;8;0;0;;0;0;0;0;0;0;0
31.07.2018;13:03:10;UTC+2;USATBOESG-2;1;0;0;1;0;896.186;-109.31;31.717;8;0;0;;0;0;0;0;0;0;0
31.07.2018;13:03:20;UTC+2;USATBOESG-2;1;0;0;1;0;896.406;-109.31;31.716;8;0;0;;0;0;0;0;0;0;0
31.07.2018;13:03:30;UTC+2;USATBOESG-2;1;0;0;1;0;896.627;-109.31;31.719;8;0;0;;0;0;0;0;0;0;0
31.07.2018;13:03:40;UTC+2;USATBOESG-2;1;0;0;1;0;897.06;-109.31;31.723;8;0;0;-799.2;0;0;0;0;0;0;0
31.07.2018;13:03:50;UTC+2;USATBOESG-2;1;0;0;1;0;900.05;-109.31;31.716;8;0;0;0;0;0;0;0;0;0;0
31.07.2018;13:04:00;UTC+2;USATBOESG-2;1;0;0;1;0;903.913;-106.655;31.725;8;0;0;-299.7;0;0;0;0;0;0;0
31.07.2018;13:04:10;UTC+2;USATBOESG-2;1;0;0;1;0;904.939;-100.46;31.723;8;0;0;;0;0;0;0;0;0;0
31.07.2018;13:04:20;UTC+2;USATBOESG-2;1;0;0;1;0;904.837;-100.46;31.723;8;0;0;;0;0;0;0;0;0;0
31.07.2018;13:04:30;UTC+2;USATBOESG-2;1;0;0;1;0;904.813;-100.46;31.722;8;0;0;;0;0;0;0;0;0;0
31.07.2018;13:04:40;UTC+2;USATBOESG-2;1;0;0;1;0;904.878;-100.46;31.723;8;0;0;;0;0;0;0;0;0;0
31.07.2018;13:04:50;UTC+2;USATBOESG-2;1;0;0;1;0;904.98;-100.46;31.731;8;0;0;;0;0;0;0;0;0;0
31.07.2018;13:05:00;UTC+2;USATBOESG-2;1;0;0;1;0;905.113;-100.385;31.725;8;0;0;;0;0;0;0;0;0;0
31.07.2018;13:05:10;UTC+2;USATBOESG-2;1;0;0;1;0;905.262;-100.21;31.72;8;0;0;;0;0;0;0;0;0;0
31.07.2018;13:05:20;UTC+2;USATBOESG-2;1;0;0;1;0;905.423;-100.21;31.727;8;0;0;;0;0;0;0;0;0;0
31.07.2018;13:05:30;UTC+2;USATBOESG-2;1;0;0;1;0;905.594;-100.21;31.729;8;0;0;;0;0;0;0;0;0;0
31.07.2018;13:05:40;UTC+2;USATBOESG-2;1;0;0;1;0;905.775;-100.21;31.725;8;0;0;;0;0;0;0;0;0;0
31.07.2018;13:05:50;UTC+2;USATBOESG-2;1;0;0;1;0;905.955;-100.21;31.723;8;0;0;;0;0;0;0;0;0;0
31.07.2018;13:06:00;UTC+2;USATBOESG-2;1;0;0;1;0;906.136;-99.794;31.723;8;0;0;;0;0;0;0;0;0;0
31.07.2018;13:06:10;UTC+2;USATBOESG-2;1;0;0;1;0;906.339;-99.17;31.729;8;0;0;;0;0;0;0;0;0;0
31.07.2018;13:06:20;UTC+2;USATBOESG-2;1;0;0;1;0;906.644;-99.17;31.722;8;0;0;;0;0;0;0;0;0;0
31.07.2018;13:06:30;UTC+2;USATBOESG-2;1;0;0;1;0;909.872;-99.17;31.727;8;0;0;0;0;0;0;0;0;0;0
31.07.2018;13:06:40;UTC+2;USATBOESG-2;1;0;0;1;0;914.362;-99.17;31.73;8;0;0;-299.7;0;0;0;0;0;0;0
31.07.2018;13:06:50;UTC+2;USATBOESG-2;1;0;0;1;0;914.857;-99.17;31.735;8;0;0;;0;0;0;0;0;0;0
31.07.2018;13:07:00;UTC+2;USATBOESG-2;1;0;0;1;0;914.722;-94.91;31.731;8;0;0;;0;0;0;0;0;0;0
31.07.2018;13:07:10;UTC+2;USATBOESG-2;1;0;0;1;0;914.691;-90.65;31.731;8;0;0;;0;0;0;0;0;0;0
31.07.2018;13:07:20;UTC+2;USATBOESG-2;1;0;0;1;0;914.734;-90.65;31.735;8;0;0;;0;0;0;0;0;0;0
31.07.2018;13:07:30;UTC+2;USATBOESG-2;1;0;0;1;0;914.822;-90.65;31.73;8;0;0;;0;0;0;0;0;0;0
31.07.2018;13:07:40;UTC+2;USATBOESG-2;1;0;0;1;0;914.933;-90.65;31.738;8;0;0;;0;0;0;0;0;0;0
31.07.2018;13:07:50;UTC+2;USATBOESG-2;1;0;0;1;0;915.059;-90.65;31.736;8;0;0;;0;0;0;0;0;0;0
31.07.2018;13:08:00;UTC+2;USATBOESG-2;1;0;0;1;0;915.192;-90.544;31.737;8;0;0;;0;0;0;0;0;0;0
31.07.2018;13:08:10;UTC+2;USATBOESG-2;1;0;0;1;0;915.366;-90.12;31.734;8;0;0;;0;0;0;0;0;0;0
31.07.2018;13:08:20;UTC+2;USATBOESG-2;1;0;0;1;0;915.607;-90.12;31.74;8;0;0;-899.1;0;0;0;0;0;0;0
31.07.2018;13:08:30;UTC+2;USATBOESG-2;1;0;0;1;0;918.302;-90.12;31.735;8;0;0;0;0;0;0;0;0;0;0
31.07.2018;13:08:40;UTC+2;USATBOESG-2;1;0;0;1;0;923.312;-90.12;31.741;8;0;0;-199.8;0;0;0;0;0;0;0
31.07.2018;13:08:50;UTC+2;USATBOESG-2;1;0;0;1;0;924.223;-90.12;31.743;8;0;0;;0;0;0;0;0;0;0
31.07.2018;13:09:00;UTC+2;USATBOESG-2;1;0;0;1;0;924.03;-87.492;31.746;8;0;0;;0;0;0;0;0;0;0
31.07.2018;13:09:10;UTC+2;USATBOESG-2;1;0;0;1;0;923.957;-81.36;31.745;8;0;0;;0;0;0;0;0;0;0
31.07.2018;13:09:20;UTC+2;USATBOESG-2;1;0;0;1;0;923.967;-81.36;31.746;8;0;0;;0;0;0;0;0;0;0
31.07.2018;13:09:30;UTC+2;USATBOESG-2;1;0;0;1;0;924.03;-81.36;31.741;8;0;0;;0;0;0;0;0;0;0
31.07.2018;13:09:40;UTC+2;USATBOESG-2;1;0;0;1;0;924.12;-81.36;31.745;8;0;0;;0;0;0;0;0;0;0
31.07.2018;13:09:50;UTC+2;USATBOESG-2;1;0;0;1;0;924.232;-81.36;31.752;8;0;0;;0;0;0;0;0;0;0
31.07.2018;13:10:00;UTC+2;USATBOESG-2;1;0;0;1;0;924.349;-81.208;31.746;8;0;0;;0;0;0;0;0;0;0
31.07.2018;13:10:10;UTC+2;USATBOESG-2;1;0;0;1;0;924.487;-80.98;31.747;8;0;0;;0;0;0;0;0;0;0
31.07.2018;13:10:20;UTC+2;USATBOESG-2;1;0;0;1;0;924.636;-80.98;31.753;8;0;0;;0;0;0;0;0;0;0
31.07.2018;13:10:30;UTC+2;USATBOESG-2;1;0;0;1;0;924.797;-80.98;31.75;8;0;0;;0;0;0;0;0;0;0
31.07.2018;13:10:40;UTC+2;USATBOESG-2;1;0;0;1;0;924.946;-80.98;31.752;8;0;0;;0;0;0;0;0;0;0
31.07.2018;13:10:50;UTC+2;USATBOESG-2;1;0;0;1;0;925.521;-80.98;31.755;8;0;0;-799.2;0;0;0;0;0;0;0
31.07.2018;13:11:00;UTC+2;USATBOESG-2;1;0;0;1;0;930.402;-78.084;31.76;8;0;0;0;0;0;0;0;0;0;0
31.07.2018;13:11:10;UTC+2;USATBOESG-2;1;0;0;1;0;934.707;-73.74;31.759;8;0;0;-299.7;0;0;0;0;0;0;0
31.07.2018;13:11:20;UTC+2;USATBOESG-2;1;0;0;1;0;934.85;-73.74;31.755;8;0;0;;0;0;0;0;0;0;0
31.07.2018;13:11:30;UTC+2;USATBOESG-2;1;0;0;1;0;934.631;-73.74;31.759;8;0;0;;0;0;0;0;0;0;0
31.07.2018;13:11:40;UTC+2;USATBOESG-2;1;0;0;1;0;934.562;-73.74;31.761;8;0;0;;0;0;0;0;0;0;0
31.07.2018;13:11:50;UTC+2;USATBOESG-2;1;0;0;1;0;934.563;-73.74;31.763;8;0;0;;0;0;0;0;0;0;0
31.07.2018;13:12:00;UTC+2;USATBOESG-2;1;0;0;1;0;934.595;-73.14;31.762;8;0;0;;0;0;0;0;0;0;0
31.07.2018;13:12:10;UTC+2;USATBOESG-2;1;0;0;1;0;934.653;-70.74;31.77;8;0;0;;0;0;0;0;0;0;0
31.07.2018;13:12:20;UTC+2;USATBOESG-2;1;0;0;1;0;934.74;-70.74;31.765;8;0;0;;0;0;0;0;0;0;0
31.07.2018;13:12:30;UTC+2;USATBOESG-2;1;0;0;1;0;934.853;-70.74;31.761;8;0;0;;0;0;0;0;0;0;0
31.07.2018;13:12:40;UTC+2;USATBOESG-2;1;0;0;1;0;934.976;-70.74;31.77;8;0;0;;0;0;0;0;0;0;0
31.07.2018;13:12:50;UTC+2;USATBOESG-2;1;0;0;1;0;935.552;-70.74;31.763;8;0;0;-599.4;0;0;0;0;0;0;0
31.07.2018;13:13:00;UTC+2;USATBOESG-2;1;0;0;1;0;939.755;-68.496;31.77;8;0;0;0;0;0;0;0;0;0;0
31.07.2018;13:13:10;UTC+2;USATBOESG-2;1;0;0;1;0;944.712;-63.26;31.771;8;0;0;-499.5;0;0;0;0;0;0;0
31.07.2018;13:13:20;UTC+2;USATBOESG-2;1;0;0;1;0;945.064;-63.26;31.776;8;0;0;;0;0;0;0;0;0;0
31.07.2018;13:13:30;UTC+2;USATBOESG-2;1;0;0;1;0;944.807;-63.26;31.777;8;0;0;;0;0;0;0;0;0;0
31.07.2018;13:13:40;UTC+2;USATBOESG-2;1;0;0;1;0;944.669;-63.26;31.777;8;0;0;;0;0;0;0;0;0;0
31.07.2018;13:13:50;UTC+2;USATBOESG-2;1;0;0;1;0;944.633;-63.26;31.774;8;0;0;;0;0;0;0;0;0;0
31.07.2018;13:14:00;UTC+2;USATBOESG-2;1;0;0;1;0;944.637;-62.495;31.777;7.1;0;0;;0;0;0;0;0;0;0
31.07.2018;13:14:10;UTC+2;USATBOESG-2;1;0;0;1;0;944.68;-60.71;31.774;5;0;0;;0;0;0;0;0;0;0
31.07.2018;13:14:20;UTC+2;USATBOESG-2;1;0;0;1;0;944.748;-60.71;31.777;5;0;0;;0;0;0;0;0;0;0
31.07.2018;13:14:30;UTC+2;USATBOESG-2;1;0;0;1;0;944.885;-60.71;31.785;5;0;0;;0;0;0;0;0;0;0
31.07.2018;13:14:40;UTC+2;USATBOESG-2;1;0;0;1;0;947.721;-60.71;31.782;5;0;0;-199.8;0;0;0;0;0;0;0
31.07.2018;13:14:50;UTC+2;USATBOESG-2;1;0;0;1;0;953.205;-60.71;31.782;5;0;0;-199.8;0;0;0;0;0;0;0
31.07.2018;13:15:00;UTC+2;USATBOESG-2;1;0;0;1;0;954.374;-56.858;31.785;5;0;0;;0;0;0;0;0;0;0
31.07.2018;13:15:10;UTC+2;USATBOESG-2;1;0;0;1;0;954.065;-51.08;31.79;5;0;0;;0;0;0;0;0;0;0
31.07.2018;13:15:20;UTC+2;USATBOESG-2;1;0;0;1;0;953.884;-51.08;31.787;5;0;0;;0;0;0;0;0;0;0
31.07.2018;13:15:30;UTC+2;USATBOESG-2;1;0;0;1;0;953.816;-51.08;31.79;5;0;0;;0;0;0;0;0;0;0
31.07.2018;13:15:40;UTC+2;USATBOESG-2;1;0;0;1;0;953.81;-51.08;31.788;5;0;0;;0;0;0;0;0;0;0
31.07.2018;13:15:50;UTC+2;USATBOESG-2;1;0;0;1;0;953.821;-51.08;31.79;5;0;0;;0;0;0;0;0;0;0
31.07.2018;13:16:00;UTC+2;USATBOESG-2;1;0;0;1;0;953.871;-51.295;31.796;5;0;0;;0;0;0;0;0;0;0
31.07.2018;13:16:10;UTC+2;USATBOESG-2;1;0;0;1;0;953.94;-51.51;31.788;5;0;0;;0;0;0;0;0;0;0
31.07.2018;13:16:20;UTC+2;USATBOESG-2;1;0;0;1;0;954.025;-51.51;31.787;5;0;0;;0;0;0;0;0;0;0
31.07.2018;13:16:30;UTC+2;USATBOESG-2;1;0;0;1;0;954.11;-51.51;31.795;5;0;0;;0;0;0;0;0;0;0
31.07.2018;13:16:40;UTC+2;USATBOESG-2;1;0;0;1;0;955.556;-51.51;31.794;5;0;0;-299.7;0;0;0;0;0;0;0
31.07.2018;13:16:50;UTC+2;USATBOESG-2;1;0;0;1;0;961.23;-51.51;31.801;5;0;0;0;0;0;0;0;0;0;0
31.07.2018;13:17:00;UTC+2;USATBOESG-2;1;0;0;1;0;964.488;-49.396;31.801;5;0;0;-799.2;0;0;0;0;0;0;0
31.07.2018;13:17:10;UTC+2;USATBOESG-2;1;0;0;1;0;964.226;-40.94;31.804;5;0;0;;0;0;0;0;0;0;0
31.07.2018;13:17:20;UTC+2;USATBOESG-2;1;0;0;1;0;963.977;-40.94;31.802;5;0;0;;0;0;0;0;0;0;0
31.07.2018;13:17:30;UTC+2;USATBOESG-2;1;0;0;1;0;963.84;-40.94;31.807;5;0;0;;0;0;0;0;0;0;0
31.07.2018;13:17:40;UTC+2;USATBOESG-2;1;0;0;1;0;963.779;-40.94;31.81;5;0;0;;0;0;0;0;0;0;0
31.07.2018;13:17:50;UTC+2;USATBOESG-2;1;0;0;1;0;963.761;-40.94;31.796;5;0;0;;0;0;0;0;0;0;0
31.07.2018;13:18:00;UTC+2;USATBOESG-2;1;0;0;1;0;963.77;-41.147;31.806;5;0;0;;0;0;0;0;0;0;0
31.07.2018;13:18:10;UTC+2;USATBOESG-2;1;0;0;1;0;963.81;-41.63;31.814;5;0;0;;0;0;0;0;0;0;0
31.07.2018;13:18:20;UTC+2;USATBOESG-2;1;0;0;1;0;963.873;-41.63;31.807;5;0;0;;0;0;0;0;0;0;0
31.07.2018;13:18:30;UTC+2;USATBOESG-2;1;0;0;1;0;963.936;-41.63;31.809;5;0;0;;0;0;0;0;0;0;0
31.07.2018;13:18:40;UTC+2;USATBOESG-2;1;0;0;1;0;964.8;-41.63;31.809;5;0;0;-499.5;0;0;0;0;0;0;0
31.07.2018;13:18:50;UTC+2;USATBOESG-2;1;0;0;1;0;969.688;-41.63;31.822;5;0;0;0;0;0;0;0;0;0;0
31.07.2018;13:19:00;UTC+2;USATBOESG-2;1;0;0;1;0;974.36;-37.102;31.823;5;0;0;-399.6;0;0;0;0;0;0;0
31.07.2018;13:19:10;UTC+2;USATBOESG-2;1;0;0;1;0;974.901;-30.31;31.821;5;0;0;;0;0;0;0;0;0;0
31.07.2018;13:19:20;UTC+2;USATBOESG-2;1;0;0;1;0;974.54;-30.31;31.824;5;0;0;;0;0;0;0;0;0;0
31.07.2018;13:19:30;UTC+2;USATBOESG-2;1;0;0;1;0;974.329;-30.31;31.824;5;0;0;;0;0;0;0;0;0;0
31.07.2018;13:19:40;UTC+2;USATBOESG-2;1;0;0;1;0;974.212;-30.31;31.828;5;0;0;;0;0;0;0;0;0;0
31.07.2018;13:19:50;UTC+2;USATBOESG-2;1;0;0;1;0;974.137;-30.31;31.83;5;0;0;;0;0;0;0;0;0;0
31.07.2018;13:20:00;UTC+2;USATBOESG-2;1;0;0;1;0;974.11;-30.714;31.827;5;0;0;;0;0;0;0;0;0;0
31.07.2018;13:20:10;UTC+2;USATBOESG-2;1;0;0;1;0;974.117;-31.32;31.829;5;0;0;;0;0;0;0;0;0;0
31.07.2018;13:20:20;UTC+2;USATBOESG-2;1;0;0;1;0;974.137;-31.32;31.833;5;0;0;;0;0;0;0;0;0;0
31.07.2018;13:20:30;UTC+2;USATBOESG-2;1;0;0;1;0;974.18;-31.32;31.835;5;0;0;;0;0;0;0;0;0;0
31.07.2018;13:20:40;UTC+2;USATBOESG-2;1;0;0;1;0;974.647;-31.32;31.837;5;0;0;-599.4;0;0;0;0;0;0;0
31.07.2018;13:20:50;UTC+2;USATBOESG-2;1;0;0;1;0;977.78;-31.32;31.835;5;0;0;0;0;0;0;0;0;0;0
31.07.2018;13:21:00;UTC+2;USATBOESG-2;1;0;0;1;0;981.889;-27.872;31.837;5;0;0;0;0;0;0;0;0;0;0
31.07.2018;13:21:10;UTC+2;USATBOESG-2;1;0;0;1;0;983.753;-22.7;31.841;5;0;0;-899.1;0;0;0;0;0;0;0
31.07.2018;13:21:20;UTC+2;USATBOESG-2;1;0;0;1;0;983.529;-22.7;31.848;5;0;0;;0;0;0;0;0;0;0
31.07.2018;13:21:30;UTC+2;USATBOESG-2;1;0;0;1;0;983.265;-22.7;31.842;5;0;0;;0;0;0;0;0;0;0
31.07.2018;13:21:40;UTC+2;USATBOESG-2;1;0;0;1;0;983.122;-22.7;31.841;5;0;0;;0;0;0;0;0;0;0
31.07.2018;13:21:50;UTC+2;USATBOESG-2;1;0;0;1;0;983.053;-22.7;31.845;5;0;0;;0;0;0;0;0;0;0
31.07.2018;13:22:00;UTC+2;USATBOESG-2;1;0;0;1;0;983.021;-22.642;31.847;5;0;0;;0;0;0;0;0;0;0
31.07.2018;13:22:10;UTC+2;USATBOESG-2;1;0;0;1;0;982.997;-22.41;31.844;5;0;0;;0;0;0;0;0;0;0
31.07.2018;13:22:20;UTC+2;USATBOESG-2;1;0;0;1;0;982.996;-22.41;31.85;5;0;0;;0;0;0;0;0;0;0
31.07.2018;13:22:30;UTC+2;USATBOESG-2;1;0;0;1;0;983.012;-22.41;31.847;5;0;0;;0;0;0;0;0;0;0
31.07.2018;13:22:40;UTC+2;USATBOESG-2;1;0;0;1;0;983.045;-22.41;31.848;5;0;0;;0;0;0;0;0;0;0
31.07.2018;13:22:50;UTC+2;USATBOESG-2;1;0;0;1;0;983.09;-22.41;31.845;5;0;0;;0;0;0;0;0;0;0
31.07.2018;13:23:00;UTC+2;USATBOESG-2;1;0;0;1;0;983.145;-22.378;31.858;5;0;0;;0;0;0;0;0;0;0
31.07.2018;13:23:10;UTC+2;USATBOESG-2;1;0;0;1;0;983.217;-22.25;31.852;5;0;0;;0;0;0;0;0;0;0
31.07.2018;13:23:20;UTC+2;USATBOESG-2;1;0;0;1;0;984.528;-22.25;31.849;5;0;0;-399.6;0;0;0;0;0;0;0
31.07.2018;13:23:30;UTC+2;USATBOESG-2;1;0;0;1;0;987.548;-22.25;31.858;5;0;0;0;0;0;0;0;0;0;0
31.07.2018;13:23:40;UTC+2;USATBOESG-2;1;0;0;1;0;990.553;-22.25;31.855;5;0;0;0;0;0;0;0;0;0;0
31.07.2018;13:23:50;UTC+2;USATBOESG-2;1;0;0;1;0;993.659;-22.25;31.863;5;0;0;0;0;0;0;0;0;0;0
31.07.2018;13:24:00;UTC+2;USATBOESG-2;1;0;0;1;0;995.024;-19.892;31.863;5;0;0;;0;0;0;0;0;0;0
31.07.2018;13:24:10;UTC+2;USATBOESG-2;1;0;0;1;0;994.735;-10.46;31.861;5;0;0;;0;0;0;0;0;0;0
31.07.2018;13:24:20;UTC+2;USATBOESG-2;1;0;0;1;0;994.453;-10.46;31.861;5;0;0;;0;0;0;0;0;0;0
31.07.2018;13:24:30;UTC+2;USATBOESG-2;1;0;0;1;0;994.272;-10.46;31.868;5;0;0;;0;0;0;0;0;0;0
31.07.2018;13:24:40;UTC+2;USATBOESG-2;1;0;0;1;0;994.149;-10.46;31.869;5;0;0;;0;0;0;0;0;0;0
31.07.2018;13:24:50;UTC+2;USATBOESG-2;1;0;0;1;0;994.073;-10.46;31.869;5;0;0;;0;0;0;0;0;0;0
31.07.2018;13:25:00;UTC+2;USATBOESG-2;1;0;0;1;0;994.017;-10.65;31.869;5;0;0;;0;0;0;0;0;0;0
31.07.2018;13:25:10;UTC+2;USATBOESG-2;1;0;0;1;0;993.996;-11.41;31.873;5;0;0;;0;0;0;0;0;0;0
31.07.2018;13:25:20;UTC+2;USATBOESG-2;1;0;0;1;0;993.984;-11.41;31.87;5;0;0;;0;0;0;0;0;0;0
31.07.2018;13:25:30;UTC+2;USATBOESG-2;1;0;0;1;0;994.022;-11.41;31.875;5;0;0;;0;0;0;0;0;0;0
31.07.2018;13:25:40;UTC+2;USATBOESG-2;1;0;0;1;0;995.587;-11.41;31.873;5;0;0;-299.7;0;0;0;0;0;0;0
31.07.2018;13:25:50;UTC+2;USATBOESG-2;1;0;0;1;0;998.046;-11.41;31.872;5;0;0;0;0;0;0;0;0;0;0
31.07.2018;13:26:00;UTC+2;USATBOESG-2;1;0;0;1;0;1000.1;-9.379;31.885;5;0;0;-499.5;0;0;0;0;0;0;0
31.07.2018;13:26:10;UTC+2;USATBOESG-2;1;0;0;1;0;1001.697;-4.64;31.881;5;0;0;;0;0;0;0;0;0;0
31.07.2018;13:26:20;UTC+2;USATBOESG-2;1;0;0;1;0;1002.875;-4.64;31.879;5;0;0;;0;0;0;0;0;0;0
31.07.2018;13:26:30;UTC+2;USATBOESG-2;1;0;0;1;0;1003.696;-4.64;31.883;5;0;0;;0;0;0;0;0;0;0
31.07.2018;13:26:40;UTC+2;USATBOESG-2;1;0;0;1;0;1004.27;-4.64;31.89;5;0;0;;0;0;0;0;0;0;0
31.07.2018;13:26:50;UTC+2;USATBOESG-2;1;0;0;1;0;1004.634;-4.64;31.886;5;0;0;;0;0;0;0;0;0;0
31.07.2018;13:27:00;UTC+2;USATBOESG-2;1;0;0;1;0;1004.787;-3.431;31.89;5;0;0;;0;0;0;0;0;0;0
31.07.2018;13:27:10;UTC+2;USATBOESG-2;1;0;0;1;0;1005.072;-0.61;31.884;5;0;0;;0;0;0;0;0;0;0
31.07.2018;13:27:20;UTC+2;USATBOESG-2;1;0;0;1;0;1005.303;-0.61;31.892;5;0;0;;0;0;0;0;0;0;0
31.07.2018;13:27:30;UTC+2;USATBOESG-2;1;0;0;1;0;1005.328;-0.61;31.891;5;0;0;;0;0;0;0;0;0;0
