2018-08-28 18:45:16.812786;1;19.3;59.34;1014.8;0
2018-08-28 18:45:17.048002;2;19.42;58.58;1014.48;0
2018-08-28 18:45:17.281756;3;19.46;59.1;1014.45;0
2018-08-28 18:45:17.517648;4;19.65;58.58;1014.32;0
2018-08-28 18:45:17.751378;5;19.6;59.17;1014.62;0
2018-08-28 18:45:17.986475;6;19.38;59.37;1014.33;0
2018-08-28 18:45:18.220973;7;19.28;60.93;1014.39;0
2018-08-28 18:45:18.455611;8;19.34;58.09;1014.05;0
2018-08-28 18:45:19.930224;11;19.61;57.43;1013.29;0
2018-08-28 18:45:20.265010;1;19.28;59.36;1014.47;1
2018-08-28 18:45:20.499507;2;19.4;58.57;1014.18;1
2018-08-28 18:45:20.734003;3;19.44;59.1;1014.09;1
2018-08-28 18:45:20.969865;4;19.63;58.51;1013.98;1
2018-08-28 18:45:21.204536;5;19.59;59.14;1014.23;1
2018-08-28 18:45:21.438402;6;19.36;59.32;1013.85;1
2018-08-28 18:45:21.673416;7;19.26;60.88;1013.98;1
2018-08-28 18:45:21.907864;8;19.32;58.06;1013.66;1
2018-08-28 18:45:23.835399;11;19.6;57.41;1012.86;1
2018-08-28 18:45:24.170200;1;19.23;59.39;1013.82;2
2018-08-28 18:45:24.405122;2;19.35;58.59;1013.41;2
2018-08-28 18:45:24.639857;3;19.4;59.14;1013.27;2
2018-08-28 18:45:24.875083;4;19.59;58.6;1013.39;2
2018-08-28 18:45:25.108768;5;19.56;59.17;1013.57;2
2018-08-28 18:45:25.343547;6;19.32;59.36;1013.24;2
2018-08-28 18:45:25.579213;7;19.2;60.95;1013.31;2
2018-08-28 18:45:25.812228;8;19.28;58.12;1012.97;2
2018-08-28 18:45:28.575067;11;19.54;57.49;1009.05;2
2018-08-28 18:45:28.909933;1;19.18;59.52;1013.28;3
2018-08-28 18:45:29.144012;2;19.27;58.8;1012.85;3
2018-08-28 18:45:29.380121;3;19.34;59.29;1012.71;3
2018-08-28 18:45:29.614376;4;19.53;58.74;1012.76;3
2018-08-28 18:45:30.317054;7;19.14;61.09;1012.72;3
2018-08-28 18:45:30.552407;8;19.2;58.27;1012.41;3
2018-08-28 18:45:32.500718;11;19.49;57.62;1011.72;3
2018-08-28 18:45:32.835207;1;19.14;59.74;1012.61;4
2018-08-28 18:45:33.069991;2;19.21;59.07;1012.29;4
2018-08-28 18:45:33.306627;3;19.29;59.53;1012.22;4
2018-08-28 18:45:33.539050;4;19.48;59.0;1012.19;4
2018-08-28 18:45:33.773738;5;19.46;59.54;1012.56;4
2018-08-28 18:45:34.009088;6;19.18;59.83;1012.09;4
2018-08-28 18:45:34.243011;7;19.1;61.32;1012.17;4
2018-08-28 18:45:34.477523;8;19.16;58.47;1011.84;4
2018-08-28 18:45:36.428032;11;19.45;57.71;1011.33;4
2018-08-28 18:45:36.762520;1;19.09;59.71;1012.41;5
2018-08-28 18:45:37.000503;2;19.15;59.05;1012.06;5
2018-08-28 18:45:37.231806;3;19.26;59.38;1012.02;5
2018-08-28 18:45:37.467909;4;19.44;58.84;1012.03;5
2018-08-28 18:45:37.701911;5;19.41;59.37;1012.27;5
2018-08-28 18:45:37.936076;6;19.11;59.66;1011.85;5
2018-08-28 18:45:38.171128;7;19.04;61.18;1011.98;5
2018-08-28 18:45:38.405445;8;19.11;58.3;1011.69;5
2018-08-28 18:45:40.352025;11;19.41;57.58;1009.82;5
2018-08-28 18:45:40.686961;1;19.04;59.84;1012.32;6
2018-08-28 18:45:40.921755;2;19.1;59.24;1011.92;6
2018-08-28 18:45:41.155736;3;19.22;59.6;1011.85;6
2018-08-28 18:45:41.390239;4;19.39;59.11;1011.92;6
2018-08-28 18:45:41.625615;5;19.36;59.66;1012.22;6
2018-08-28 18:45:41.859730;6;19.08;60.02;1011.84;6
2018-08-28 18:45:42.095157;7;19.0;61.47;1011.9;6
2018-08-28 18:45:42.329131;8;19.07;58.62;1011.61;6
2018-08-28 18:45:44.233954;11;19.38;57.9;1011.12;6
2018-08-28 18:45:44.569454;1;19.02;59.99;1012.29;7
2018-08-28 18:45:44.802925;2;19.07;59.39;1011.88;7
2018-08-28 18:45:45.038988;3;19.19;59.73;1011.8;7
2018-08-28 18:45:45.273206;4;19.37;59.24;1011.92;7
2018-08-28 18:45:45.507494;5;19.34;59.77;1012.36;7
2018-08-28 18:45:45.741937;6;19.05;60.14;1011.76;7
2018-08-28 18:45:45.976394;7;18.97;61.62;1011.91;7
2018-08-28 18:45:46.210666;8;19.04;58.76;1011.5;7
2018-08-28 18:45:48.117930;11;19.34;58.05;1011.04;7
2018-08-28 18:45:48.458414;1;18.99;60.11;1012.2;8
2018-08-28 18:45:48.688723;2;19.03;59.54;1011.75;8
2018-08-28 18:45:48.921765;3;19.15;59.87;1011.64;8
2018-08-28 18:45:49.156583;4;19.34;59.39;1011.72;8
2018-08-28 18:45:49.391037;5;19.32;59.9;1012.02;8
2018-08-28 18:45:49.625542;6;19.03;60.28;1011.64;8
2018-08-28 18:45:49.860374;7;18.95;61.76;1011.63;8
2018-08-28 18:45:50.095408;8;19.02;58.88;1011.39;8
2018-08-28 18:45:51.986974;11;19.31;58.22;1010.99;8
2018-08-28 18:45:52.321440;1;18.97;60.32;1012.12;9
2018-08-28 18:45:52.556884;2;19.01;59.75;1011.72;9
2018-08-28 18:45:52.791400;3;19.12;60.1;1011.62;9
2018-08-28 18:45:53.025808;4;19.33;59.57;1011.64;9
2018-08-28 18:45:53.265304;5;19.3;60.06;1011.93;9
2018-08-28 18:45:53.495187;6;19.01;60.45;1011.55;9
2018-08-28 18:45:53.729556;7;18.93;61.95;1011.71;9
2018-08-28 18:45:53.964466;8;19.01;59.03;1011.36;9
2018-08-28 18:45:55.902351;11;19.29;58.33;1010.79;9
2018-08-28 18:45:56.236808;1;18.97;60.32;1011.95;10
2018-08-28 18:45:56.471670;2;19.01;59.77;1011.64;10
2018-08-28 18:45:56.706495;3;19.13;60.1;1011.62;10
2018-08-28 18:45:56.941405;4;19.31;59.59;1011.47;10
2018-08-28 18:45:57.176305;5;19.28;60.11;1011.82;10
2018-08-28 18:45:57.410400;6;19.02;60.45;1011.39;10
2018-08-28 18:45:57.645673;7;18.94;61.96;1011.43;10
2018-08-28 18:45:57.880024;8;19.01;59.04;1011.14;10
2018-08-28 18:45:59.811629;11;19.07;58.39;1010.01;10
2018-08-28 18:46:00.146425;1;18.96;60.43;1011.44;11
2018-08-28 18:46:00.382180;2;19.02;59.83;1011.26;11
2018-08-28 18:46:00.616020;3;19.12;60.21;1011.13;11
2018-08-28 18:46:00.851074;4;19.3;59.67;1011.03;11
2018-08-28 18:46:01.085334;5;19.28;60.17;1011.36;11
2018-08-28 18:46:01.320129;6;19.02;60.5;1010.99;11
2018-08-28 18:46:01.554713;7;18.94;62.01;1011.06;11
2018-08-28 18:46:01.789905;8;19.01;59.1;1010.75;11
2018-08-28 18:46:03.715095;11;19.27;58.41;1009.96;11
2018-08-28 18:46:04.049854;1;18.95;60.43;1011.1;12
2018-08-28 18:46:04.286178;2;19.02;59.8;1010.81;12
2018-08-28 18:46:04.519961;3;19.11;60.23;1010.75;12
2018-08-28 18:46:04.754824;4;19.29;59.71;1010.64;12
2018-08-28 18:46:04.988589;5;19.27;60.21;1010.96;12
2018-08-28 18:46:05.223598;6;19.02;60.5;1010.58;12
2018-08-28 18:46:05.458257;7;18.93;62.02;1010.62;12
2018-08-28 18:46:05.693190;8;19.01;59.1;1010.3;12
2018-08-28 18:46:07.641403;11;19.26;58.52;1009.5;12
2018-08-28 18:46:07.975855;1;18.94;60.52;1010.67;13
2018-08-28 18:46:08.211233;2;19.02;59.87;1010.4;13
2018-08-28 18:46:08.445682;3;19.1;60.34;1010.33;13
2018-08-28 18:46:08.680311;4;19.29;59.81;1010.2;13
2018-08-28 18:46:08.914574;5;19.25;60.33;1010.48;13
2018-08-28 18:46:09.149618;6;19.0;60.6;1010.09;13
2018-08-28 18:46:09.384331;7;18.92;62.11;1010.18;13
2018-08-28 18:46:09.618551;8;18.99;59.24;1009.82;13
2018-08-28 18:46:11.561576;11;19.26;58.56;1007.13;13
2018-08-28 18:46:11.896419;1;18.93;60.57;1010.06;14
2018-08-28 18:46:12.131140;2;19.01;59.92;1009.76;14
2018-08-28 18:46:12.365848;3;19.07;60.38;1009.76;14
2018-08-28 18:46:12.600761;4;19.29;59.82;1009.59;14
2018-08-28 18:46:12.835457;5;19.26;60.33;1009.97;14
2018-08-28 18:46:13.070770;6;19.0;60.62;1009.55;14
2018-08-28 18:46:13.304608;7;18.92;62.17;1009.56;14
2018-08-28 18:46:13.539574;8;18.98;59.29;1009.24;14
2018-08-28 18:46:15.480394;11;19.24;58.58;1008.36;14
2018-08-28 18:46:15.815197;1;18.91;60.48;1009.42;15
2018-08-28 18:46:16.049694;2;19.0;59.79;1009.14;15
2018-08-28 18:46:16.285449;3;19.06;60.25;1009.16;15
2018-08-28 18:46:16.519444;4;19.23;59.72;1008.99;15
2018-08-28 18:46:16.754206;5;19.2;60.26;1009.32;15
2018-08-28 18:46:16.988309;6;19.0;60.42;1008.87;15
2018-08-28 18:46:17.223791;7;18.91;62.0;1008.93;15
2018-08-28 18:46:17.457829;8;18.97;59.12;1008.58;15
2018-08-28 18:46:19.414900;11;19.23;58.52;1007.74;15
2018-08-28 18:46:19.749745;1;18.89;60.55;1008.86;16
2018-08-28 18:46:19.984228;2;18.97;59.83;1008.5;16
2018-08-28 18:46:20.219053;3;19.01;60.39;1008.45;16
2018-08-28 18:46:20.454349;4;19.23;59.83;1008.35;16
2018-08-28 18:46:20.688292;5;19.19;60.38;1008.67;16
2018-08-28 18:46:20.922801;6;18.97;60.54;1008.3;16
2018-08-28 18:46:21.157614;7;18.89;62.05;1008.34;16
2018-08-28 18:46:21.392950;8;18.94;59.22;1008.01;16
2018-08-28 18:46:23.302991;11;19.2;58.57;1007.2;16
2018-08-28 18:46:23.637854;1;18.86;60.6;1008.26;17
2018-08-28 18:46:23.872318;2;18.96;59.85;1007.89;17
2018-08-28 18:46:24.107174;3;18.98;60.44;1007.9;17
2018-08-28 18:46:24.342496;4;19.19;59.9;1007.72;17
2018-08-28 18:46:24.576816;5;19.13;60.49;1008.03;17
2018-08-28 18:46:24.811568;6;18.94;60.59;1007.65;17
2018-08-28 18:46:25.046491;7;18.87;62.09;1007.68;17
2018-08-28 18:46:25.280893;8;18.91;59.28;1007.35;17
2018-08-28 18:46:27.183275;11;19.17;58.59;1006.47;17
2018-08-28 18:46:27.517725;1;18.83;60.59;1007.67;18
2018-08-28 18:46:27.753161;2;18.93;59.81;1007.47;18
2018-08-28 18:46:27.987321;3;18.94;60.45;1007.26;18
2018-08-28 18:46:28.222305;4;19.16;59.85;1007.21;18
2018-08-28 18:46:28.456379;5;19.1;60.45;1007.52;18
2018-08-28 18:46:28.691661;6;18.9;60.58;1007.15;18
2018-08-28 18:46:28.926167;7;18.85;62.02;1007.27;18
2018-08-28 18:46:29.160419;8;18.88;59.27;1006.93;18
2018-08-28 18:46:31.066543;11;19.15;58.7;1006.22;18
2018-08-28 18:46:31.402281;1;18.78;60.64;1007.43;19
2018-08-28 18:46:31.635994;2;18.91;59.78;1007.09;19
2018-08-28 18:46:31.871335;3;18.91;60.54;1007.09;19
2018-08-28 18:46:32.104869;4;19.12;59.95;1006.93;19
2018-08-28 18:46:32.339712;5;19.06;60.6;1007.35;19
2018-08-28 18:46:32.574150;6;18.87;60.67;1006.95;19
2018-08-28 18:46:32.808947;7;18.83;62.11;1007.05;19
2018-08-28 18:46:33.043752;8;18.85;59.34;1006.7;19
2018-08-28 18:46:34.938964;11;19.13;58.77;1005.97;19
2018-08-28 18:46:35.273810;1;18.75;60.75;1007.18;20
2018-08-28 18:46:35.508929;2;18.91;59.87;1006.78;20
2018-08-28 18:46:35.744313;3;18.88;60.67;1006.81;20
2018-08-28 18:46:35.977924;4;19.11;60.06;1006.69;20
2018-08-28 18:46:36.213311;5;19.04;60.74;1007.06;20
2018-08-28 18:46:36.448001;6;18.83;60.84;1006.67;20
2018-08-28 18:46:36.681687;7;18.79;62.22;1006.77;20
2018-08-28 18:46:36.917208;8;18.82;59.48;1006.45;20
2018-08-28 18:46:39.244150;11;19.11;58.85;1005.62;20
2018-08-28 18:46:39.578957;1;18.72;60.96;1006.8;21
2018-08-28 18:46:39.813435;2;18.88;60.03;1006.46;21
2018-08-28 18:46:40.048273;3;18.84;60.85;1006.42;21
2018-08-28 18:46:40.282772;4;19.06;60.24;1006.29;21
2018-08-28 18:46:40.992963;5;18.99;60.91;1006.57;21
2018-08-28 18:46:41.228120;6;18.8;60.97;1006.21;21
2018-08-28 18:46:41.462282;7;18.77;62.34;1006.37;21
2018-08-28 18:46:41.697094;8;18.78;59.59;1006.02;21
2018-08-28 18:46:43.655858;11;19.08;58.87;1005.24;21
2018-08-28 18:46:43.990425;1;18.68;61.07;1006.41;22
2018-08-28 18:46:44.226033;2;18.84;60.11;1006.06;22
2018-08-28 18:46:44.459661;3;18.8;61.0;1006.06;22
2018-08-28 18:46:44.695110;4;19.05;60.33;1005.87;22
2018-08-28 18:46:44.928864;5;18.97;61.04;1006.2;22
2018-08-28 18:46:45.163726;6;18.76;61.16;1005.86;22
2018-08-28 18:46:45.398720;7;18.73;62.5;1006.01;22
2018-08-28 18:46:45.633675;8;18.76;59.76;1005.63;22
2018-08-28 18:46:47.585185;11;19.06;58.97;1005.05;22
2018-08-28 18:46:47.919327;1;18.64;61.31;1006.21;23
2018-08-28 18:46:48.154048;2;18.8;60.29;1005.84;23
2018-08-28 18:46:48.389318;3;18.77;61.23;1005.89;23
2018-08-28 18:46:48.624304;4;19.02;60.49;1005.88;23
2018-08-28 18:46:48.858246;5;18.95;61.16;1006.13;23
2018-08-28 18:46:49.093785;6;18.73;61.32;1005.75;23
2018-08-28 18:46:49.327911;7;18.66;62.72;1005.83;23
2018-08-28 18:46:49.562027;8;18.72;59.9;1005.48;23
2018-08-28 18:46:51.518385;11;19.03;59.14;1004.99;23
2018-08-28 18:46:51.852860;1;18.59;61.48;1006.12;24
2018-08-28 18:46:52.087779;2;18.75;60.5;1005.72;24
2018-08-28 18:46:52.322694;3;18.74;61.4;1005.77;24
2018-08-28 18:46:52.557823;4;18.97;60.75;1005.68;24
2018-08-28 18:46:52.792287;5;18.92;61.34;1005.99;24
2018-08-28 18:46:53.026292;6;18.68;61.55;1005.59;24
2018-08-28 18:46:53.260860;7;18.62;63.0;1005.68;24
2018-08-28 18:46:53.495538;8;18.65;60.15;1005.43;24
2018-08-28 18:46:55.441655;11;18.35;59.27;1003.93;24
2018-08-28 18:46:55.776469;1;18.54;61.59;1006.04;25
2018-08-28 18:46:56.011323;2;18.69;60.65;1005.66;25
2018-08-28 18:46:56.246232;3;18.7;61.45;1005.67;25
2018-08-28 18:46:56.480652;4;18.93;60.81;1005.66;25
2018-08-28 18:46:56.715042;5;18.89;61.38;1005.98;25
2018-08-28 18:46:56.949538;6;18.64;61.63;1005.74;25
2018-08-28 18:46:57.184326;7;18.57;63.09;1005.79;25
2018-08-28 18:46:57.418790;8;18.62;60.24;1005.36;25
2018-08-28 18:46:59.356361;11;18.94;59.32;1005.05;25
2018-08-28 18:46:59.690824;1;18.52;61.67;1006.16;26
2018-08-28 18:46:59.925689;2;18.66;60.72;1005.79;26
2018-08-28 18:47:00.160268;3;18.68;61.51;1005.77;26
2018-08-28 18:47:00.394949;4;18.89;60.92;1005.79;26
2018-08-28 18:47:00.630565;5;18.87;61.38;1006.13;26
2018-08-28 18:47:00.865546;6;18.61;61.68;1005.75;26
2018-08-28 18:47:01.100313;7;18.54;63.17;1005.93;26
2018-08-28 18:47:01.333689;8;18.57;60.37;1005.45;26
2018-08-28 18:47:03.239349;11;18.9;59.58;1005.14;26
2018-08-28 18:47:03.574049;1;18.49;61.82;1006.37;27
2018-08-28 18:47:03.809216;2;18.62;60.93;1005.91;27
2018-08-28 18:47:04.043824;3;18.66;61.63;1005.94;27
2018-08-28 18:47:04.278325;4;18.87;61.01;1005.96;27
2018-08-28 18:47:04.512946;5;18.85;61.48;1006.31;27
2018-08-28 18:47:04.747220;6;18.58;61.82;1005.88;27
2018-08-28 18:47:04.982036;7;18.51;63.3;1006.01;27
2018-08-28 18:47:05.216587;8;18.55;60.45;1005.56;27
2018-08-28 18:47:07.122313;11;18.87;59.41;1005.26;27
2018-08-28 18:47:07.457161;1;18.48;61.78;1006.37;28
2018-08-28 18:47:07.692272;2;18.59;60.9;1006.0;28
2018-08-28 18:47:07.927484;3;18.65;61.49;1006.04;28
2018-08-28 18:47:08.161292;4;18.84;60.91;1005.93;28
2018-08-28 18:47:08.395740;5;18.82;61.38;1006.38;28
2018-08-28 18:47:08.630322;6;18.56;61.69;1005.94;28
2018-08-28 18:47:08.865531;7;18.48;63.21;1006.07;28
2018-08-28 18:47:09.101136;8;18.51;60.33;1005.72;28
2018-08-28 18:47:10.998470;11;18.83;59.5;1005.31;28
2018-08-28 18:47:11.332958;1;18.46;61.71;1006.41;29
2018-08-28 18:47:11.568899;2;18.56;60.85;1005.97;29
2018-08-28 18:47:11.802916;3;18.62;61.37;1005.95;29
2018-08-28 18:47:12.037573;4;18.82;60.8;1005.96;29
2018-08-28 18:47:12.272046;5;18.81;61.26;1006.33;29
2018-08-28 18:47:12.506721;6;18.54;61.6;1005.97;29
2018-08-28 18:47:12.740840;7;18.46;63.14;1006.06;29
2018-08-28 18:47:12.975662;8;18.51;60.31;1005.69;29
2018-08-28 18:47:14.911849;11;18.81;59.37;1005.26;29
2018-08-28 18:47:15.246322;1;18.45;61.52;1006.36;30
2018-08-28 18:47:15.481507;2;18.53;60.73;1005.98;30
2018-08-28 18:47:15.716040;3;18.61;61.3;1005.99;30
2018-08-28 18:47:15.950819;4;18.81;60.86;1005.92;30
2018-08-28 18:47:16.185416;5;18.81;61.33;1006.24;30
2018-08-28 18:47:16.419698;6;18.53;61.66;1005.91;30
2018-08-28 18:47:16.654185;7;18.44;63.24;1006.05;30
2018-08-28 18:47:16.889032;8;18.49;60.34;1005.71;30
2018-08-28 18:47:18.823498;11;18.79;59.53;1003.58;30
2018-08-28 18:47:19.157955;1;18.43;62.0;1006.26;31
2018-08-28 18:47:19.392792;2;18.52;61.25;1005.87;31
2018-08-28 18:47:19.627272;3;18.6;61.83;1005.94;31
2018-08-28 18:47:19.862062;4;18.79;61.33;1005.93;31
2018-08-28 18:47:20.097103;5;18.79;61.7;1006.25;31
2018-08-28 18:47:20.331397;6;18.52;62.1;1005.86;31
2018-08-28 18:47:20.566574;7;18.42;63.66;1005.89;31
2018-08-28 18:47:20.801835;8;18.48;60.79;1005.39;31
2018-08-28 18:47:22.737847;11;18.77;60.04;1004.98;31
2018-08-28 18:47:23.073398;1;18.43;62.13;1006.11;32
2018-08-28 18:47:23.307553;2;18.51;61.4;1005.68;32
2018-08-28 18:47:23.542323;3;18.59;61.91;1005.66;32
2018-08-28 18:47:23.777228;4;18.78;61.41;1005.7;32
2018-08-28 18:47:24.011315;5;18.79;61.8;1005.96;32
2018-08-28 18:47:24.246094;6;18.51;62.22;1005.65;32
2018-08-28 18:47:24.480609;7;18.41;63.81;1005.75;32
2018-08-28 18:47:24.715034;8;18.47;60.89;1005.29;32
2018-08-28 18:47:26.663529;11;18.73;60.14;1004.83;32
2018-08-28 18:47:26.998296;1;18.42;62.27;1005.96;33
2018-08-28 18:47:27.232830;2;18.48;61.55;1005.49;33
2018-08-28 18:47:27.467627;3;18.58;62.07;1005.48;33
2018-08-28 18:47:27.702136;4;18.77;61.55;1005.49;33
2018-08-28 18:47:27.936581;5;18.77;61.97;1005.71;33
2018-08-28 18:47:28.171395;6;18.49;62.34;1005.38;33
2018-08-28 18:47:30.587505;11;18.72;60.3;1003.44;33
2018-08-28 18:47:30.922132;1;18.41;62.28;1005.71;34
2018-08-28 18:47:31.156678;2;18.45;61.62;1005.2;34
2018-08-28 18:47:31.392006;3;18.55;62.09;1005.29;34
2018-08-28 18:47:31.625906;4;18.75;61.55;1005.24;34
2018-08-28 18:47:31.860170;5;18.74;61.97;1005.49;34
2018-08-28 18:47:32.095527;6;18.47;62.35;1005.07;34
2018-08-28 18:47:32.329495;7;18.36;63.99;1005.2;34
2018-08-28 18:47:32.563961;8;18.42;61.06;1004.89;34
2018-08-28 18:47:34.516162;11;18.7;60.4;1000.91;34
2018-08-28 18:47:34.850641;1;18.39;62.36;1005.4;35
2018-08-28 18:47:35.085877;2;18.43;61.73;1004.93;35
2018-08-28 18:47:35.320197;3;18.55;62.16;1004.92;35
2018-08-28 18:47:35.554755;4;18.74;61.67;1004.83;35
2018-08-28 18:47:35.789317;5;18.73;62.09;1005.21;35
2018-08-28 18:47:36.024073;6;18.45;62.48;1004.81;35
2018-08-28 18:47:36.258554;7;18.35;64.11;1004.9;35
2018-08-28 18:47:36.493330;8;18.41;61.18;1004.5;35
2018-08-28 18:47:38.441137;11;18.68;60.55;1003.94;35
2018-08-28 18:47:38.775947;1;18.37;62.49;1004.98;36
2018-08-28 18:47:39.010442;2;18.41;61.86;1004.64;36
2018-08-28 18:47:39.245331;3;18.53;62.3;1004.61;36
2018-08-28 18:47:39.480086;4;18.71;61.82;1004.53;36
2018-08-28 18:47:39.714620;5;18.71;62.2;1004.95;36
2018-08-28 18:47:39.950063;6;18.44;62.6;1004.5;36
2018-08-28 18:47:40.186293;7;18.32;64.25;1004.62;36
2018-08-28 18:47:40.419701;8;18.39;61.24;1004.27;36
2018-08-28 18:47:42.358235;11;18.65;60.55;1003.69;36
2018-08-28 18:47:42.693542;1;18.35;62.46;1004.69;37
2018-08-28 18:47:42.927581;2;18.4;61.81;1004.37;37
2018-08-28 18:47:43.162068;3;18.5;62.25;1004.29;37
2018-08-28 18:47:43.396880;4;18.69;61.78;1004.3;37
2018-08-28 18:47:43.631356;5;18.69;62.2;1004.64;37
2018-08-28 18:47:43.866150;6;18.4;62.6;1004.14;37
2018-08-28 18:47:44.101227;7;18.3;64.24;1004.2;37
2018-08-28 18:47:44.336378;8;18.37;61.28;1003.85;37
2018-08-28 18:47:46.236444;11;18.62;60.62;1003.32;37
2018-08-28 18:47:46.572314;1;18.33;62.55;1004.32;38
2018-08-28 18:47:46.806483;2;18.36;61.94;1004.13;38
2018-08-28 18:47:47.040786;3;18.48;62.34;1003.97;38
2018-08-28 18:47:47.275124;4;18.67;61.85;1003.94;38
2018-08-28 18:47:47.510241;5;18.66;62.25;1004.25;38
2018-08-28 18:47:47.744332;6;18.38;62.63;1003.86;38
2018-08-28 18:47:47.979622;7;18.28;64.29;1003.96;38
2018-08-28 18:47:48.213641;8;18.34;61.3;1003.5;38
2018-08-28 18:47:50.121519;11;18.6;60.54;1003.1;38
2018-08-28 18:47:50.456324;1;18.31;62.43;1004.17;39
2018-08-28 18:47:50.690813;2;18.34;61.85;1003.78;39
2018-08-28 18:47:50.925684;3;18.45;62.27;1003.77;39
2018-08-28 18:47:51.161178;4;18.65;61.78;1003.78;39
2018-08-28 18:47:51.395488;5;18.64;62.17;1004.12;39
2018-08-28 18:47:51.630161;6;18.35;62.56;1003.74;39
2018-08-28 18:47:51.864979;7;18.26;64.21;1003.88;39
2018-08-28 18:47:52.100256;8;18.32;61.21;1003.5;39
2018-08-28 18:47:53.997621;11;18.57;60.55;1003.05;39
2018-08-28 18:47:54.332514;1;18.28;62.43;1004.14;40
2018-08-28 18:47:54.567757;2;18.32;61.82;1003.82;40
2018-08-28 18:47:54.801896;3;18.44;62.22;1003.8;40
2018-08-28 18:47:55.036977;4;18.63;61.75;1003.72;40
2018-08-28 18:47:55.271074;5;18.62;62.18;1004.11;40
2018-08-28 18:47:55.506027;6;18.34;62.57;1003.68;40
2018-08-28 18:47:55.740415;7;18.23;64.25;1003.68;40
2018-08-28 18:47:55.974822;8;18.3;61.28;1003.38;40
2018-08-28 18:47:57.901429;11;18.56;60.7;1001.16;40
2018-08-28 18:47:58.237369;1;18.27;62.62;1004.08;41
2018-08-28 18:47:58.471373;2;18.31;62.04;1003.53;41
2018-08-28 18:47:58.705694;3;18.42;62.46;1003.6;41
2018-08-28 18:47:58.940145;4;18.61;61.98;1003.58;41
2018-08-28 18:47:59.175454;5;18.6;62.38;1003.95;41
2018-08-28 18:47:59.409349;6;18.32;62.81;1003.58;41
2018-08-28 18:47:59.644132;7;18.22;64.43;1003.63;41
2018-08-28 18:47:59.878635;8;18.28;61.46;1003.23;41
2018-08-28 18:48:01.814801;11;18.53;60.85;1002.81;41
2018-08-28 18:48:02.149286;1;18.24;62.78;1003.95;42
2018-08-28 18:48:02.384383;2;18.28;62.18;1003.51;42
2018-08-28 18:48:02.619244;3;18.4;62.61;1003.51;42
2018-08-28 18:48:02.854608;4;18.59;62.13;1003.49;42
2018-08-28 18:48:03.088626;5;18.58;62.53;1003.7;42
2018-08-28 18:48:03.323585;6;18.3;62.95;1003.42;42
2018-08-28 18:48:03.557236;7;18.19;64.6;1003.46;42
2018-08-28 18:48:03.792933;8;18.26;61.59;1003.22;42
2018-08-28 18:48:05.726112;11;18.51;61.01;1000.62;42
2018-08-28 18:48:06.060925;1;18.24;62.85;1003.87;43
2018-08-28 18:48:06.296491;2;18.26;62.28;1003.45;43
2018-08-28 18:48:06.530997;3;18.38;62.7;1003.46;43
2018-08-28 18:48:06.765541;4;18.57;62.19;1003.45;43
2018-08-28 18:48:07.000105;5;18.56;62.59;1003.99;43
2018-08-28 18:48:07.234048;6;18.28;63.01;1003.46;43
2018-08-28 18:48:07.468837;7;18.17;64.66;1003.39;43
2018-08-28 18:48:07.703311;8;18.24;61.65;1003.14;43
2018-08-28 18:48:09.643594;11;18.49;61.04;1002.64;43
2018-08-28 18:48:09.978041;1;18.21;62.84;1003.82;44
2018-08-28 18:48:10.212931;2;18.24;62.28;1003.3;44
2018-08-28 18:48:10.447415;3;18.36;62.7;1003.36;44
2018-08-28 18:48:10.682264;4;18.56;62.21;1003.38;44
2018-08-28 18:48:10.918069;5;18.54;62.63;1003.73;44
2018-08-28 18:48:11.151889;6;18.26;63.05;1003.24;44
2018-08-28 18:48:11.386639;7;18.15;64.71;1003.27;44
2018-08-28 18:48:11.621308;8;18.21;61.69;1002.91;44
2018-08-28 18:48:13.558305;11;18.47;61.09;1002.56;44
2018-08-28 18:48:13.893202;1;18.18;62.97;1003.62;45
2018-08-28 18:48:14.127596;2;18.22;62.38;1003.24;45
2018-08-28 18:48:14.362433;3;18.34;62.8;1003.3;45
2018-08-28 18:48:14.599295;4;18.53;62.3;1003.26;45
2018-08-28 18:48:14.831705;5;18.52;62.73;1003.62;45
2018-08-28 18:48:15.066610;6;18.25;63.13;1003.26;45
2018-08-28 18:48:15.302309;7;18.14;64.79;1003.36;45
2018-08-28 18:48:15.536309;8;18.19;61.79;1002.97;45
2018-08-28 18:48:17.477144;11;18.46;61.2;999.65;45
2018-08-28 18:48:17.812026;1;18.17;63.01;1003.75;46
2018-08-28 18:48:18.046447;2;18.22;62.4;1003.3;46
2018-08-28 18:48:18.280910;3;18.33;62.8;1003.27;46
2018-08-28 18:48:18.515740;4;18.52;62.31;1003.25;46
2018-08-28 18:48:18.750192;5;18.5;62.74;1003.7;46
2018-08-28 18:48:18.985055;6;18.23;63.14;1003.28;46
2018-08-28 18:48:19.219510;7;18.13;64.81;1003.44;46
2018-08-28 18:48:19.455294;8;18.18;61.79;1003.09;46
2018-08-28 18:48:21.398335;11;18.44;61.23;1002.66;46
2018-08-28 18:48:21.732816;1;18.16;63.05;1003.91;47
2018-08-28 18:48:21.967629;2;18.2;62.47;1003.43;47
2018-08-28 18:48:22.202109;3;18.32;62.89;1003.54;47
2018-08-28 18:48:22.436994;4;18.51;62.41;1003.45;47
2018-08-28 18:48:22.671602;5;18.49;62.84;1003.83;47
2018-08-28 18:48:22.907038;6;18.22;63.22;1003.51;47
2018-08-28 18:48:23.141700;7;18.12;64.88;1003.56;47
2018-08-28 18:48:23.376684;8;18.17;61.88;1003.12;47
2018-08-28 18:48:25.277550;11;18.43;61.34;1002.8;47
2018-08-28 18:48:25.613409;1;18.15;63.14;1003.99;48
2018-08-28 18:48:25.848427;2;18.19;62.56;1003.57;48
2018-08-28 18:48:26.082655;3;18.31;62.96;1003.72;48
2018-08-28 18:48:26.316895;4;18.49;62.47;1003.56;48
2018-08-28 18:48:26.937698;5;18.48;62.91;1003.92;48
2018-08-28 18:48:27.172206;6;18.22;63.28;1003.59;48
2018-08-28 18:48:27.406965;7;18.1;64.96;1003.64;48
2018-08-28 18:48:27.645388;8;18.17;61.94;1003.26;48
2018-08-28 18:48:29.156790;11;18.42;61.38;1002.85;48
2018-08-28 18:48:29.491263;1;18.16;63.16;1003.99;49
2018-08-28 18:48:29.726352;2;18.18;62.58;1003.6;49
2018-08-28 18:48:29.960814;3;18.3;62.98;1003.65;49
2018-08-28 18:48:30.195433;4;18.49;62.5;1003.58;49
2018-08-28 18:48:30.430212;5;18.48;62.93;1004.02;49
2018-08-28 18:48:30.664693;6;18.22;63.29;1003.62;49
2018-08-28 18:48:30.899524;7;18.1;65.01;1003.69;49
2018-08-28 18:48:31.134000;8;18.17;62.0;1003.31;49
2018-08-28 18:48:33.034643;11;18.41;61.42;1002.9;49
2018-08-28 18:48:33.369487;1;18.15;63.23;1004.02;50
2018-08-28 18:48:33.604275;2;18.18;62.66;1003.62;50
2018-08-28 18:48:33.839463;3;18.31;63.04;1003.72;50
2018-08-28 18:48:34.073791;4;18.5;62.59;1003.66;50
2018-08-28 18:48:34.308083;5;18.48;63.01;1004.05;50
2018-08-28 18:48:34.542815;6;18.23;63.37;1003.64;50
2018-08-28 18:48:34.777468;7;18.11;65.09;1003.68;50
2018-08-28 18:48:35.012182;8;18.16;62.07;1003.38;50
2018-08-28 18:48:37.442558;11;18.41;61.48;1002.98;50
2018-08-28 18:48:37.777371;1;18.16;63.3;1004.09;51
2018-08-28 18:48:38.012165;2;18.19;62.73;1003.71;51
2018-08-28 18:48:38.246716;3;18.31;63.11;1003.76;51
2018-08-28 18:48:38.481128;4;18.49;62.62;1003.76;51
2018-08-28 18:48:38.716249;5;18.49;63.02;1004.08;51
2018-08-28 18:48:38.950455;6;18.23;63.37;1003.75;51
2018-08-28 18:48:39.185708;7;18.11;65.09;1003.82;51
2018-08-28 18:48:39.420804;8;18.17;62.1;1003.5;51
2018-08-28 18:48:41.859019;11;18.4;61.55;1002.05;51
2018-08-28 18:48:42.193822;1;18.17;63.31;1004.23;52
2018-08-28 18:48:42.428367;2;18.19;62.73;1003.85;52
2018-08-28 18:48:42.664356;3;18.32;63.12;1003.88;52
2018-08-28 18:48:42.898182;4;18.5;62.64;1003.85;52
2018-08-28 18:48:43.133225;5;18.49;63.05;1004.37;52
2018-08-28 18:48:43.367974;6;18.25;63.39;1003.83;52
2018-08-28 18:48:43.601706;7;18.12;65.13;1003.89;52
2018-08-28 18:48:43.837074;8;18.16;62.12;1003.58;52
2018-08-28 18:48:45.765217;11;18.4;61.6;999.25;52
2018-08-28 18:48:46.099697;1;18.17;63.3;1004.26;53
2018-08-28 18:48:46.334806;2;18.2;62.75;1003.93;53
2018-08-28 18:48:46.569057;3;18.33;63.11;1003.9;53
2018-08-28 18:48:46.803803;4;18.52;62.62;1003.88;53
2018-08-28 18:48:47.038262;5;18.5;63.04;1004.19;53
2018-08-28 18:48:47.273070;6;18.25;63.38;1003.83;53
2018-08-28 18:48:47.507683;7;18.12;65.14;1003.94;53
2018-08-28 18:48:47.742434;8;18.17;62.11;1003.64;53
2018-08-28 18:48:49.673766;11;18.39;61.63;1003.1;53
2018-08-28 18:48:50.008607;1;18.17;63.31;1004.28;54
2018-08-28 18:48:50.243521;2;18.19;62.79;1003.91;54
2018-08-28 18:48:50.478185;3;18.33;63.15;1003.88;54
2018-08-28 18:48:50.712806;4;18.53;62.63;1003.88;54
2018-08-28 18:48:50.947845;5;18.51;63.06;1004.15;54
2018-08-28 18:48:51.182975;6;18.25;63.41;1003.84;54
2018-08-28 18:48:51.417565;7;18.13;65.2;1003.97;54
2018-08-28 18:48:51.651810;8;18.17;62.16;1003.63;54
2018-08-28 18:48:53.921639;11;18.4;61.76;1000.68;54
2018-08-28 18:48:54.256435;1;18.18;63.33;1004.09;55
2018-08-28 18:48:54.491107;2;18.2;62.8;1003.85;55
2018-08-28 18:48:54.725754;3;18.33;63.17;1003.82;55
2018-08-28 18:48:54.960220;4;18.53;62.66;1003.79;55
2018-08-28 18:48:55.195100;5;18.5;63.1;1004.11;55
2018-08-28 18:48:55.429933;6;18.25;63.44;1003.69;55
2018-08-28 18:48:55.665395;7;18.12;65.22;1003.83;55
2018-08-28 18:48:55.899012;8;18.17;62.19;1003.43;55
2018-08-28 18:48:57.828832;11;18.25;61.73;1002.7;55
2018-08-28 18:48:58.163337;1;18.18;63.33;1004.06;56
2018-08-28 18:48:58.398368;2;18.2;62.79;1003.62;56
2018-08-28 18:48:58.632623;3;18.33;63.14;1003.73;56
2018-08-28 18:48:58.867407;4;18.53;62.58;1003.6;56
2018-08-28 18:48:59.102344;5;18.5;63.03;1004.07;56
2018-08-28 18:48:59.336762;6;18.25;63.34;1003.56;56
2018-08-28 18:48:59.571631;7;18.12;65.14;1003.67;56
2018-08-28 18:48:59.806589;8;18.18;62.1;1003.31;56
2018-08-28 18:49:01.737403;11;18.4;61.64;1002.82;56
2018-08-28 18:49:02.073234;1;18.18;63.28;1004.0;57
2018-08-28 18:49:02.307167;2;18.2;62.73;1003.56;57
2018-08-28 18:49:02.542540;3;18.33;63.09;1003.67;57
2018-08-28 18:49:02.776457;4;18.53;62.57;1003.55;57
2018-08-28 18:49:03.011417;5;18.5;63.03;1004.01;57
2018-08-28 18:49:03.245319;6;18.25;63.33;1003.53;57
2018-08-28 18:49:03.480932;7;18.12;65.12;1003.68;57
2018-08-28 18:49:03.715285;8;18.18;62.1;1003.28;57
2018-08-28 18:49:05.652805;11;18.39;61.66;1002.86;57
2018-08-28 18:49:05.987297;1;18.18;63.29;1003.99;58
2018-08-28 18:49:06.223252;2;18.19;62.77;1003.57;58
2018-08-28 18:49:06.457419;3;18.32;63.14;1003.55;58
2018-08-28 18:49:06.691453;4;18.52;62.6;1003.54;58
2018-08-28 18:49:06.925930;5;18.5;63.04;1003.89;58
2018-08-28 18:49:07.161498;6;18.25;63.38;1003.46;58
2018-08-28 18:49:07.395690;7;18.12;65.16;1003.55;58
2018-08-28 18:49:07.630012;8;18.18;62.15;1003.29;58
2018-08-28 18:49:09.576520;11;18.4;61.35;1000.6;58
2018-08-28 18:49:09.910289;1;18.17;62.9;1003.89;59
2018-08-28 18:49:10.145315;2;18.19;62.32;1003.6;59
2018-08-28 18:49:10.379949;3;18.33;62.62;1003.68;59
2018-08-28 18:49:10.613966;4;18.52;62.13;1003.57;59
2018-08-28 18:49:10.849966;5;18.51;62.62;1003.98;59
2018-08-28 18:49:11.083999;6;18.25;62.94;1003.59;59
2018-08-28 18:49:11.319017;7;18.11;64.76;1003.68;59
2018-08-28 18:49:11.552574;8;18.17;61.8;1003.3;59
2018-08-28 18:49:13.494199;11;18.4;61.25;1002.93;59
2018-08-28 18:49:13.829614;1;18.17;63.09;1004.02;60
2018-08-28 18:49:14.064074;2;18.19;62.58;1003.67;60
2018-08-28 18:49:14.300205;3;18.33;62.95;1003.72;60
2018-08-28 18:49:14.533371;4;18.52;62.45;1003.72;60
2018-08-28 18:49:15.002401;6;18.24;63.23;1003.7;60
2018-08-28 18:49:15.236953;7;18.11;64.97;1003.8;60
2018-08-28 18:49:15.471765;8;18.17;61.99;1003.53;60
2018-08-28 18:49:17.419180;11;18.39;61.62;1003.06;60
2018-08-28 18:49:17.754018;1;18.18;63.19;1004.23;61
2018-08-28 18:49:17.988546;2;18.18;62.7;1003.87;61
2018-08-28 18:49:18.223324;3;18.31;63.08;1003.81;61
2018-08-28 18:49:18.457809;4;18.52;62.5;1003.76;61
2018-08-28 18:49:18.692695;5;18.51;62.96;1004.11;61
2018-08-28 18:49:18.927066;6;18.25;63.33;1003.67;61
2018-08-28 18:49:19.162515;7;18.12;65.1;1003.84;61
2018-08-28 18:49:19.396452;8;18.17;62.12;1003.53;61
2018-08-28 18:49:21.346513;11;17.99;61.7;1002.46;61
2018-08-28 18:49:22.068045;1;18.17;63.34;1004.33;62
2018-08-28 18:49:22.302911;2;18.18;62.83;1003.73;62
2018-08-28 18:49:22.538406;3;18.32;63.22;1003.74;62
2018-08-28 18:49:22.773210;4;18.53;62.66;1003.69;62
2018-08-28 18:49:23.006866;5;18.5;63.1;1004.0;62
2018-08-28 18:49:23.241987;6;18.25;63.46;1003.57;62
2018-08-28 18:49:23.475986;7;18.12;65.25;1003.74;62
2018-08-28 18:49:23.711206;8;18.17;62.22;1003.45;62
2018-08-28 18:49:25.223031;11;18.39;61.84;1002.99;62
2018-08-28 18:49:25.557898;1;18.17;63.4;1004.07;63
2018-08-28 18:49:25.792700;2;18.19;62.9;1003.79;63
2018-08-28 18:49:26.027247;3;18.31;63.28;1003.78;63
2018-08-28 18:49:26.262019;4;18.53;62.68;1003.76;63
2018-08-28 18:49:26.497317;5;18.5;63.14;1004.03;63
2018-08-28 18:49:26.730948;6;18.24;63.49;1003.7;63
2018-08-28 18:49:26.965751;7;18.11;65.3;1003.82;63
2018-08-28 18:49:27.201171;8;18.17;62.25;1003.47;63
2018-08-28 18:49:29.112506;11;18.39;61.2;1003.1;63
2018-08-28 18:49:29.447020;1;18.17;62.72;1004.32;64
2018-08-28 18:49:29.682676;2;18.19;62.16;1003.89;64
2018-08-28 18:49:29.916921;3;18.31;62.38;1003.93;64
2018-08-28 18:49:30.152623;4;18.53;61.77;1003.93;64
2018-08-28 18:49:30.386385;5;18.51;62.3;1004.16;64
2018-08-28 18:49:30.621576;6;18.25;62.5;1003.79;64
2018-08-28 18:49:30.856150;7;18.11;64.42;1003.94;64
2018-08-28 18:49:31.090908;8;18.17;61.35;1003.55;64
2018-08-28 18:49:33.443307;11;18.4;60.77;1001.34;64
2018-08-28 18:49:33.778870;1;18.17;62.47;1004.49;65
2018-08-28 18:49:34.013405;2;18.2;61.96;1004.18;65
2018-08-28 18:49:34.247385;3;18.32;62.25;1004.11;65
2018-08-28 18:49:34.483075;4;18.53;61.66;1004.05;65
2018-08-28 18:49:34.717440;5;18.51;62.18;1004.43;65
2018-08-28 18:49:34.951952;6;18.25;62.41;1004.06;65
2018-08-28 18:49:35.186030;7;18.12;64.26;1004.17;65
2018-08-28 18:49:35.420763;8;18.17;61.29;1003.78;65
2018-08-28 18:49:37.365842;11;18.39;61.02;1003.51;65
2018-08-28 18:49:37.702558;1;18.18;63.01;1004.56;66
2018-08-28 18:49:37.935531;2;18.2;62.54;1004.26;66
2018-08-28 18:49:38.170220;3;18.32;62.95;1004.22;66
2018-08-28 18:49:38.404463;4;18.54;62.4;1004.21;66
2018-08-28 18:49:38.639995;5;18.51;62.83;1004.53;66
2018-08-28 18:49:38.874365;6;18.26;63.2;1004.24;66
2018-08-28 18:49:39.108579;7;18.12;64.91;1004.29;66
2018-08-28 18:49:39.343061;8;18.18;61.97;1003.95;66
2018-08-28 18:49:41.248155;11;18.39;61.6;1003.57;66
2018-08-28 18:49:41.817433;2;18.19;62.8;1004.3;67
2018-08-28 18:49:42.053516;3;18.32;63.18;1004.37;67
2018-08-28 18:49:42.287550;4;18.54;62.61;1004.34;67
2018-08-28 18:49:42.522048;5;18.52;63.03;1004.59;67
2018-08-28 18:49:42.756866;6;18.26;63.39;1004.19;67
2018-08-28 18:49:42.991471;7;18.12;65.15;1004.38;67
2018-08-28 18:49:43.226107;8;18.17;62.14;1004.11;67
2018-08-28 18:49:45.132179;11;18.38;61.71;1003.64;67
2018-08-28 18:49:45.467826;1;18.17;63.29;1004.77;68
2018-08-28 18:49:45.702227;2;18.19;62.79;1004.43;68
2018-08-28 18:49:45.936832;3;18.32;63.15;1004.47;68
2018-08-28 18:49:46.172046;4;18.54;62.56;1004.4;68
2018-08-28 18:49:46.406744;5;18.51;63.0;1004.81;68
2018-08-28 18:49:46.641273;6;18.25;63.33;1004.37;68
2018-08-28 18:49:46.876123;7;18.13;65.14;1004.47;68
2018-08-28 18:49:47.110258;8;18.17;62.11;1004.13;68
2018-08-28 18:49:49.626434;11;18.39;61.76;1003.79;68
2018-08-28 18:49:49.960923;1;18.18;63.29;1004.95;69
2018-08-28 18:49:50.196844;2;18.2;62.77;1004.51;69
2018-08-28 18:49:50.431785;3;18.33;63.12;1004.62;69
2018-08-28 18:49:50.667405;4;18.55;62.55;1004.56;69
2018-08-28 18:49:50.900107;5;18.52;63.03;1004.83;69
2018-08-28 18:49:51.134998;6;18.26;63.34;1004.53;69
2018-08-28 18:49:51.369758;7;18.13;65.14;1004.63;69
2018-08-28 18:49:51.603609;8;18.18;62.1;1004.26;69
2018-08-28 18:49:53.549278;11;18.4;61.67;1003.93;69
2018-08-28 18:49:53.883505;1;18.18;63.25;1005.05;70
2018-08-28 18:49:54.118568;2;18.2;62.72;1004.71;70
2018-08-28 18:49:54.352852;3;18.33;63.06;1004.68;70
2018-08-28 18:49:54.587578;4;18.55;62.47;1004.63;70
2018-08-28 18:49:54.828726;5;18.53;62.94;1004.95;70
2018-08-28 18:49:55.526584;8;18.18;62.11;1004.34;70
2018-08-28 18:49:57.469539;11;18.4;61.67;1004.02;70
2018-08-28 18:49:57.804051;1;18.19;63.24;1005.14;71
2018-08-28 18:49:58.038901;2;18.21;62.7;1004.74;71
2018-08-28 18:49:58.273715;3;18.33;63.02;1004.84;71
2018-08-28 18:49:58.508149;4;18.56;62.44;1004.78;71
2018-08-28 18:49:58.743002;5;18.53;62.89;1005.03;71
2018-08-28 18:49:58.977432;6;18.27;63.17;1004.75;71
2018-08-28 18:49:59.212242;7;18.13;65.05;1004.92;71
2018-08-28 18:49:59.446735;8;18.19;62.05;1004.53;71
2018-08-28 18:50:02.110494;11;18.16;61.57;1003.77;71
2018-08-28 18:50:02.445513;1;18.2;63.29;1005.28;72
2018-08-28 18:50:02.679501;2;18.22;62.78;1004.84;72
2018-08-28 18:50:02.914330;3;18.35;63.12;1004.93;72
2018-08-28 18:50:03.149103;4;18.56;62.55;1004.93;72
2018-08-28 18:50:03.383588;5;18.53;63.01;1005.16;72
2018-08-28 18:50:03.618448;6;18.28;63.35;1004.9;72
2018-08-28 18:50:03.852877;7;18.14;65.15;1004.99;72
2018-08-28 18:50:04.088028;8;18.2;62.17;1004.55;72
2018-08-28 18:50:05.984980;11;18.41;61.71;1004.22;72
2018-08-28 18:50:06.319825;1;18.2;63.33;1005.39;73
2018-08-28 18:50:06.554327;2;18.22;62.8;1004.87;73
2018-08-28 18:50:06.789095;3;18.35;63.16;1004.96;73
2018-08-28 18:50:07.023592;4;18.57;62.58;1004.91;73
2018-08-28 18:50:07.258410;5;18.54;63.06;1005.39;73
2018-08-28 18:50:07.493209;6;18.29;63.37;1004.87;73
2018-08-28 18:50:07.727669;7;18.15;65.19;1004.99;73
2018-08-28 18:50:07.962483;8;18.2;62.22;1004.61;73
2018-08-28 18:50:09.899402;11;18.41;61.68;1002.76;73
2018-08-28 18:50:10.233858;1;18.21;63.37;1005.44;74
2018-08-28 18:50:10.468722;2;18.22;62.84;1004.99;74
2018-08-28 18:50:10.703154;3;18.35;63.18;1005.09;74
2018-08-28 18:50:10.938000;4;18.57;62.59;1004.99;74
2018-08-28 18:50:11.172437;5;18.54;63.06;1005.38;74
2018-08-28 18:50:11.407239;6;18.29;63.36;1004.96;74
2018-08-28 18:50:11.641735;7;18.15;65.19;1005.06;74
2018-08-28 18:50:11.876560;8;18.2;62.19;1004.7;74
2018-08-28 18:50:13.807300;11;18.41;61.73;1004.3;74
2018-08-28 18:50:14.141803;1;18.21;63.31;1005.46;75
2018-08-28 18:50:14.376607;2;18.22;62.81;1005.05;75
2018-08-28 18:50:14.611035;3;18.36;63.13;1005.04;75
2018-08-28 18:50:14.845874;4;18.58;62.56;1005.02;75
2018-08-28 18:50:15.080360;5;18.54;63.03;1005.45;75
2018-08-28 18:50:15.315152;6;18.3;63.34;1005.0;75
2018-08-28 18:50:15.549616;7;18.16;65.17;1005.12;75
2018-08-28 18:50:15.784458;8;18.2;62.17;1004.69;75
2018-08-28 18:50:17.714873;11;18.42;61.76;1002.72;75
2018-08-28 18:50:18.049679;1;18.22;63.37;1005.44;76
2018-08-28 18:50:18.284151;2;18.23;62.86;1004.95;76
2018-08-28 18:50:18.518934;3;18.36;63.18;1005.01;76
2018-08-28 18:50:18.753453;4;18.58;62.61;1005.02;76
2018-08-28 18:50:18.988281;5;18.55;63.08;1005.44;76
2018-08-28 18:50:19.222743;6;18.3;63.38;1004.94;76
2018-08-28 18:50:19.457586;7;18.16;65.23;1005.07;76
2018-08-28 18:50:19.692045;8;18.21;62.31;1004.74;76
2018-08-28 18:50:21.626828;11;18.42;62.16;1004.28;76
2018-08-28 18:50:21.961690;1;18.22;63.33;1005.45;77
2018-08-28 18:50:22.196160;2;18.23;62.83;1004.98;77
2018-08-28 18:50:22.431054;3;18.36;63.2;1005.04;77
2018-08-28 18:50:22.666102;4;18.58;62.68;1005.03;77
2018-08-28 18:50:22.900348;5;18.55;63.17;1005.32;77
2018-08-28 18:50:23.135139;6;18.31;63.57;1004.92;77
2018-08-28 18:50:23.369513;7;18.16;65.41;1005.03;77
2018-08-28 18:50:23.603969;8;18.21;62.47;1004.64;77
2018-08-28 18:50:25.549114;11;18.43;62.22;1004.24;77
2018-08-28 18:50:25.884158;1;18.22;63.61;1005.31;78
2018-08-28 18:50:26.832152;2;18.23;63.13;1004.92;78
2018-08-28 18:50:27.066503;3;18.36;63.58;1004.96;78
2018-08-28 18:50:27.301348;4;18.58;63.02;1004.98;78
2018-08-28 18:50:27.536298;5;18.55;63.45;1005.27;78
2018-08-28 18:50:27.770676;6;18.3;63.81;1004.9;78
2018-08-28 18:50:28.006483;7;18.17;65.64;1004.99;78
2018-08-28 18:50:28.240065;8;18.21;62.67;1004.61;78
2018-08-28 18:50:30.413306;11;18.44;62.29;1004.21;78
2018-08-28 18:50:30.747846;1;18.22;63.79;1005.31;79
2018-08-28 18:50:30.982865;2;18.23;63.3;1004.88;79
2018-08-28 18:50:31.217454;3;18.36;63.68;1004.94;79
2018-08-28 18:50:31.451891;4;18.58;63.12;1004.89;79
2018-08-28 18:50:31.686678;5;18.55;63.54;1005.11;79
2018-08-28 18:50:31.921180;6;18.3;63.88;1004.83;79
2018-08-28 18:50:32.156004;7;18.16;65.74;1004.96;79
2018-08-28 18:50:32.390489;8;18.2;62.71;1004.47;79
2018-08-28 18:50:34.334154;11;18.42;62.29;1004.11;79
2018-08-28 18:50:34.668637;1;18.22;63.85;1005.18;80
2018-08-28 18:50:34.903460;2;18.23;63.36;1004.75;80
2018-08-28 18:50:35.137939;3;18.36;63.71;1004.92;80
2018-08-28 18:50:35.372727;4;18.57;63.15;1004.84;80
2018-08-28 18:50:35.607226;5;18.54;63.58;1005.09;80
2018-08-28 18:50:35.842047;6;18.29;63.9;1004.67;80
2018-08-28 18:50:36.076519;7;18.16;65.74;1004.86;80
2018-08-28 18:50:36.311337;8;18.2;62.72;1004.56;80
2018-08-28 18:50:38.220217;11;18.42;62.3;1003.98;80
2018-08-28 18:50:38.554706;1;18.21;63.86;1005.16;81
2018-08-28 18:50:38.789494;2;18.22;63.38;1004.66;81
2018-08-28 18:50:39.023998;3;18.35;63.76;1004.73;81
2018-08-28 18:50:39.258823;4;18.57;63.23;1004.7;81
2018-08-28 18:50:39.493312;5;18.53;63.67;1005.01;81
2018-08-28 18:50:39.728068;6;18.3;63.99;1004.61;81
2018-08-28 18:50:39.962557;7;18.15;65.82;1004.71;81
2018-08-28 18:50:40.197440;8;18.2;62.83;1004.39;81
2018-08-28 18:50:42.104284;11;18.42;62.38;1003.92;81
2018-08-28 18:50:42.439089;1;18.21;64.0;1005.03;82
2018-08-28 18:50:42.673531;2;18.22;63.51;1004.56;82
2018-08-28 18:50:42.908326;3;18.35;63.87;1004.61;82
2018-08-28 18:50:43.142810;4;18.56;63.35;1004.62;82
2018-08-28 18:50:43.377657;5;18.53;63.76;1005.03;82
2018-08-28 18:50:43.612115;6;18.29;64.1;1004.53;82
2018-08-28 18:50:43.846933;7;18.15;65.93;1004.65;82
2018-08-28 18:50:44.081412;8;18.2;62.94;1004.28;82
2018-08-28 18:50:45.984361;11;18.41;62.45;1003.81;82
2018-08-28 18:50:46.317952;1;18.2;64.06;1005.03;83
2018-08-28 18:50:46.553039;2;18.21;63.56;1004.54;83
2018-08-28 18:50:46.787667;3;18.34;63.92;1004.55;83
2018-08-28 18:50:47.022419;4;18.55;63.4;1004.48;83
2018-08-28 18:50:47.257320;5;18.52;63.81;1004.71;83
2018-08-28 18:50:47.491346;6;18.28;64.14;1004.43;83
2018-08-28 18:50:47.727076;7;18.14;65.97;1004.57;83
2018-08-28 18:50:47.961739;8;18.19;62.95;1004.29;83
2018-08-28 18:50:49.893756;11;18.41;62.48;1003.69;83
2018-08-28 18:50:50.228265;1;18.2;64.09;1004.82;84
2018-08-28 18:50:50.463933;2;18.2;63.59;1004.46;84
2018-08-28 18:50:50.697606;3;18.33;63.95;1004.45;84
2018-08-28 18:50:50.933205;4;18.55;63.41;1004.46;84
2018-08-28 18:50:51.168224;5;18.52;63.84;1004.67;84
2018-08-28 18:50:51.401620;6;18.27;64.15;1004.29;84
2018-08-28 18:50:51.636471;7;18.14;65.98;1004.49;84
2018-08-28 18:50:51.872675;8;18.19;62.96;1004.12;84
2018-08-28 18:50:53.797905;11;18.41;62.5;1003.64;84
2018-08-28 18:50:54.132364;1;18.18;64.13;1004.8;85
2018-08-28 18:50:54.367994;2;18.19;63.64;1004.36;85
2018-08-28 18:50:54.602902;3;18.33;63.99;1004.43;85
2018-08-28 18:50:54.836504;4;18.54;63.45;1004.38;85
2018-08-28 18:50:55.071557;5;18.51;63.9;1004.66;85
2018-08-28 18:50:55.306406;6;18.26;64.24;1004.3;85
2018-08-28 18:50:55.540640;7;18.13;66.07;1004.45;85
2018-08-28 18:50:55.775486;8;18.17;63.05;1004.0;85
2018-08-28 18:50:57.711256;11;18.4;62.52;1003.54;85
2018-08-28 18:50:58.045725;1;18.18;64.18;1004.78;86
2018-08-28 18:50:58.281357;2;18.19;63.68;1004.29;86
2018-08-28 18:50:58.515738;3;18.33;64.02;1004.36;86
2018-08-28 18:50:58.750649;4;18.53;63.51;1004.31;86
2018-08-28 18:50:58.984312;5;18.5;63.97;1004.66;86
2018-08-28 18:50:59.219701;6;18.25;64.28;1004.27;86
2018-08-28 18:50:59.454334;7;18.12;66.11;1004.42;86
2018-08-28 18:50:59.688462;8;18.17;63.05;1004.12;86
2018-08-28 18:51:01.623583;11;18.39;62.58;1000.51;86
2018-08-28 18:51:01.958083;1;18.17;64.45;1004.75;87
2018-08-28 18:51:02.192908;2;18.18;63.88;1004.23;87
2018-08-28 18:51:02.428540;3;18.32;64.24;1004.32;87
2018-08-28 18:51:02.662818;4;18.51;63.74;1004.27;87
2018-08-28 18:51:02.898148;5;18.49;64.15;1004.5;87
2018-08-28 18:51:03.132263;6;18.24;64.48;1004.23;87
2018-08-28 18:51:03.366839;7;18.12;66.31;1004.4;87
2018-08-28 18:51:03.600888;8;18.16;63.31;1004.0;87
2018-08-28 18:51:05.543786;11;18.39;62.66;1003.55;87
2018-08-28 18:51:05.878280;1;18.16;64.44;1004.71;88
2018-08-28 18:51:06.113939;2;18.18;63.88;1004.33;88
2018-08-28 18:51:06.349276;3;18.31;64.24;1004.35;88
2018-08-28 18:51:06.583395;4;18.51;63.71;1004.32;88
2018-08-28 18:51:06.817529;5;18.49;64.11;1004.57;88
2018-08-28 18:51:07.052892;6;18.25;64.39;1004.2;88
2018-08-28 18:51:08.412727;7;18.12;66.24;1004.38;88
2018-08-28 18:51:08.647965;8;18.16;63.19;1004.02;88
2018-08-28 18:51:10.462958;11;18.39;62.73;1003.58;88
2018-08-28 18:51:10.797460;1;18.16;64.39;1004.85;89
2018-08-28 18:51:11.032569;2;18.17;63.88;1004.33;89
2018-08-28 18:51:11.267714;3;18.3;64.24;1004.35;89
2018-08-28 18:51:11.501923;4;18.51;63.74;1004.27;89
2018-08-28 18:51:11.736749;5;18.49;64.12;1004.66;89
2018-08-28 18:51:11.972480;6;18.25;64.46;1004.29;89
2018-08-28 18:51:12.206244;7;18.12;66.29;1004.42;89
2018-08-28 18:51:12.440781;8;18.16;63.25;1004.05;89
2018-08-28 18:51:14.384474;11;18.39;62.8;1003.62;89
2018-08-28 18:51:14.719887;1;18.17;64.49;1004.82;90
2018-08-28 18:51:14.953939;2;18.18;63.98;1004.31;90
2018-08-28 18:51:15.188985;3;18.31;64.33;1004.37;90
2018-08-28 18:51:15.423371;4;18.51;63.82;1004.32;90
2018-08-28 18:51:15.658550;5;18.5;64.23;1004.72;90
2018-08-28 18:51:15.892398;6;18.24;64.55;1004.31;90
2018-08-28 18:51:16.127740;7;18.12;66.39;1004.4;90
2018-08-28 18:51:16.362254;8;18.17;63.36;1004.09;90
2018-08-28 18:51:18.264446;11;18.38;62.87;1003.61;90
2018-08-28 18:51:18.598888;1;18.17;64.5;1004.8;91
2018-08-28 18:51:18.834605;2;18.18;63.99;1004.37;91
2018-08-28 18:51:19.069177;3;18.31;64.33;1004.43;91
2018-08-28 18:51:19.303553;4;18.52;63.81;1004.45;91
2018-08-28 18:51:19.538061;5;18.5;64.23;1004.72;91
2018-08-28 18:51:19.772969;6;18.25;64.53;1004.3;91
2018-08-28 18:51:20.007210;7;18.12;66.39;1004.45;91
2018-08-28 18:51:20.241802;8;18.17;63.33;1004.1;91
2018-08-28 18:51:22.144317;11;18.08;62.86;1003.2;91
2018-08-28 18:51:22.479162;1;18.18;64.49;1004.83;92
2018-08-28 18:51:22.714205;2;18.18;63.99;1004.45;92
2018-08-28 18:51:22.948469;3;18.32;64.32;1004.43;92
2018-08-28 18:51:23.183493;4;18.52;63.81;1004.44;92
2018-08-28 18:51:23.417719;5;18.5;64.23;1004.79;92
2018-08-28 18:51:23.652621;6;18.25;64.53;1004.33;92
2018-08-28 18:51:23.887766;7;18.12;66.39;1004.51;92
2018-08-28 18:51:24.121808;8;18.17;63.32;1004.15;92
2018-08-28 18:51:26.026292;11;18.38;62.91;1003.73;92
2018-08-28 18:51:26.361101;1;18.18;64.53;1004.83;93
2018-08-28 18:51:27.623255;2;18.18;64.08;1004.4;93
2018-08-28 18:51:27.858197;3;18.32;64.44;1004.49;93
2018-08-28 18:51:28.092840;4;18.52;63.93;1004.41;93
2018-08-28 18:51:28.327605;5;18.5;64.35;1004.73;93
2018-08-28 18:51:28.562380;6;18.26;64.64;1004.3;93
2018-08-28 18:51:28.796727;7;18.12;66.49;1004.44;93
2018-08-28 18:51:29.031730;8;18.17;63.43;1004.13;93
2018-08-28 18:51:30.908268;11;18.38;62.98;1003.7;93
2018-08-28 18:51:31.243097;1;18.18;64.65;1004.91;94
2018-08-28 18:51:31.477563;2;18.18;64.16;1004.37;94
2018-08-28 18:51:31.713220;3;18.32;64.5;1004.49;94
2018-08-28 18:51:31.947521;4;18.52;63.96;1004.49;94
2018-08-28 18:51:32.182750;5;18.5;64.37;1004.83;94
2018-08-28 18:51:32.416743;6;18.26;64.68;1004.44;94
2018-08-28 18:51:32.651196;7;18.12;66.55;1004.51;94
2018-08-28 18:51:32.886500;8;18.17;63.47;1004.26;94
2018-08-28 18:51:34.820942;11;18.39;63.01;999.93;94
2018-08-28 18:51:35.155402;1;18.18;64.54;1005.0;95
2018-08-28 18:51:35.390230;2;18.18;64.04;1004.49;95
2018-08-28 18:51:35.625213;3;18.32;64.37;1004.56;95
2018-08-28 18:51:35.860146;4;18.53;63.8;1004.51;95
2018-08-28 18:51:36.093995;5;18.5;64.24;1004.79;95
2018-08-28 18:51:36.329575;6;18.26;64.52;1004.43;95
2018-08-28 18:51:36.564693;7;18.12;66.4;1004.57;95
2018-08-28 18:51:36.798127;8;18.17;63.32;1004.21;95
2018-08-28 18:51:38.724065;11;18.38;62.96;1003.84;95
2018-08-28 18:51:39.058873;1;18.18;64.51;1005.07;96
2018-08-28 18:51:39.294253;2;18.19;64.01;1004.59;96
2018-08-28 18:51:39.528307;3;18.33;64.33;1004.71;96
2018-08-28 18:51:39.763592;4;18.54;63.78;1004.6;96
2018-08-28 18:51:39.997472;5;18.51;64.21;1004.86;96
2018-08-28 18:51:40.232025;6;18.27;64.5;1004.55;96
2018-08-28 18:51:40.467330;7;18.12;66.39;1004.71;96
2018-08-28 18:51:40.701705;8;18.18;63.32;1004.37;96
2018-08-28 18:51:42.643195;11;18.39;62.96;1000.9;96
2018-08-28 18:51:42.978042;1;18.2;64.49;1005.25;97
2018-08-28 18:51:43.609797;2;18.19;64.01;1004.75;97
2018-08-28 18:51:43.845251;3;18.33;64.36;1004.86;97
2018-08-28 18:51:44.079648;4;18.55;63.81;1004.88;97
2018-08-28 18:51:44.314401;5;18.51;64.28;1005.22;97
2018-08-28 18:51:44.548762;6;18.28;64.54;1004.72;97
2018-08-28 18:51:44.783575;7;18.13;66.44;1005.0;97
2018-08-28 18:51:45.018315;8;18.19;63.35;1004.63;97
2018-08-28 18:51:46.572268;11;18.38;62.91;1004.24;97
2018-08-28 18:51:46.907441;1;18.2;64.66;1005.45;98
2018-08-28 18:51:47.567193;2;18.19;64.22;1004.91;98
2018-08-28 18:51:47.802995;3;18.33;64.59;1004.93;98
2018-08-28 18:51:48.036845;4;18.56;64.0;1004.97;98
2018-08-28 18:51:48.271302;5;18.51;64.46;1005.17;98
2018-08-28 18:51:48.506188;6;18.28;64.74;1004.87;98
2018-08-28 18:51:48.741388;7;18.14;66.67;1005.07;98
2018-08-28 18:51:48.975387;8;18.2;63.56;1004.67;98
2018-08-28 18:51:50.504761;11;18.39;63.12;1004.25;98
2018-08-28 18:51:50.839572;1;18.21;64.71;1005.4;99
2018-08-28 18:51:51.074545;2;18.19;64.27;1004.9;99
2018-08-28 18:51:51.309106;3;18.33;64.62;1004.96;99
2018-08-28 18:51:51.543792;4;18.57;64.0;1004.98;99
2018-08-28 18:51:51.778793;5;18.52;64.46;1005.3;99
2018-08-28 18:51:52.012606;6;18.29;64.72;1004.89;99
2018-08-28 18:51:52.247485;7;18.14;66.66;1004.97;99
2018-08-28 18:51:52.482559;8;18.22;63.53;1004.73;99
2018-08-28 18:51:54.428003;11;18.41;63.11;1004.24;99
2018-08-28 18:51:54.762823;1;18.21;64.64;1005.43;100
2018-08-28 18:51:54.997573;2;18.2;64.19;1004.95;100
2018-08-28 18:51:55.232772;3;18.34;64.51;1004.88;100
2018-08-28 18:51:55.466950;4;18.58;63.87;1004.95;100
2018-08-28 18:51:55.702255;5;18.53;64.34;1005.2;100
2018-08-28 18:51:55.936214;6;18.3;64.62;1004.84;100
2018-08-28 18:51:56.171604;7;18.14;66.57;1005.01;100
2018-08-28 18:51:58.947854;11;18.41;62.99;1004.22;100
2018-08-28 18:51:59.282720;1;18.21;64.44;1005.39;101
2018-08-28 18:51:59.517529;2;18.21;64.0;1004.96;101
2018-08-28 18:51:59.751981;3;18.35;64.3;1004.96;101
2018-08-28 18:51:59.986815;4;18.59;63.66;1004.95;101
2018-08-28 18:52:00.222018;5;18.54;64.19;1005.33;101
2018-08-28 18:52:00.456056;6;18.3;64.43;1004.87;101
2018-08-28 18:52:00.690888;7;18.15;66.39;1005.01;101
2018-08-28 18:52:00.925735;8;18.23;63.27;1004.63;101
2018-08-28 18:52:02.851668;11;18.42;62.87;1003.02;101
2018-08-28 18:52:03.186196;1;18.22;64.41;1005.46;102
2018-08-28 18:52:03.421052;2;18.22;63.97;1005.08;102
2018-08-28 18:52:03.655802;3;18.35;64.27;1005.11;102
2018-08-28 18:52:03.890294;4;18.6;63.61;1005.11;102
2018-08-28 18:52:04.125101;5;18.54;64.15;1005.43;102
2018-08-28 18:52:04.360367;6;18.32;64.35;1005.09;102
2018-08-28 18:52:04.594383;7;18.16;66.32;1005.25;102
2018-08-28 18:52:04.829193;8;18.22;63.21;1004.84;102
2018-08-28 18:52:06.768133;11;18.43;62.8;1004.48;102
2018-08-28 18:52:07.103118;1;18.23;64.34;1005.58;103
2018-08-28 18:52:07.337942;2;18.21;63.92;1005.21;103
2018-08-28 18:52:07.572871;3;18.35;64.22;1005.19;103
2018-08-28 18:52:07.807203;4;18.6;63.58;1005.18;103
2018-08-28 18:52:08.042044;5;18.55;64.14;1005.54;103
2018-08-28 18:52:08.276340;6;18.31;64.39;1005.1;103
2018-08-28 18:52:08.510789;7;18.17;66.35;1005.22;103
2018-08-28 18:52:08.745608;8;18.23;63.28;1004.89;103
2018-08-28 18:52:10.670184;11;17.79;62.86;1003.4;103
2018-08-28 18:52:11.005554;1;18.23;64.7;1005.63;104
2018-08-28 18:52:11.239867;2;18.22;64.31;1005.14;104
2018-08-28 18:52:11.474329;3;18.35;64.7;1005.13;104
2018-08-28 18:52:12.090029;4;18.6;64.04;1005.14;104
2018-08-28 18:52:12.324877;5;18.55;64.57;1005.47;104
2018-08-28 18:52:12.559702;6;18.3;64.88;1005.03;104
2018-08-28 18:52:12.794148;7;18.16;66.74;1005.18;104
2018-08-28 18:52:13.030602;8;18.23;63.64;1004.81;104
2018-08-28 18:52:14.588684;11;18.44;63.11;1004.39;104
2018-08-28 18:52:14.923169;1;18.23;64.72;1005.59;105
2018-08-28 18:52:15.158011;2;18.22;64.25;1005.07;105
2018-08-28 18:52:15.392804;3;18.36;64.55;1005.06;105
2018-08-28 18:52:15.627282;4;18.6;63.84;1005.11;105
2018-08-28 18:52:15.862139;5;18.54;64.34;1005.37;105
2018-08-28 18:52:16.096911;6;18.3;64.61;1005.03;105
2018-08-28 18:52:16.331371;7;18.16;66.53;1005.17;105
2018-08-28 18:52:16.566169;8;18.23;63.38;1004.77;105
2018-08-28 18:52:18.505120;11;18.43;62.88;1004.33;105
2018-08-28 18:52:18.839928;1;18.22;64.49;1005.51;106
2018-08-28 18:52:19.075216;2;18.22;64.04;1005.0;106
2018-08-28 18:52:19.310914;3;18.35;64.35;1005.11;106
2018-08-28 18:52:19.544691;4;18.59;63.71;1005.05;106
2018-08-28 18:52:19.779120;5;18.54;64.25;1005.39;106
2018-08-28 18:52:20.013503;6;18.31;64.51;1004.96;106
2018-08-28 18:52:20.248151;7;18.16;66.44;1005.08;106
2018-08-28 18:52:20.483020;8;18.22;63.32;1004.73;106
2018-08-28 18:52:22.427695;11;18.43;62.91;1002.83;106
2018-08-28 18:52:22.762200;1;18.22;64.53;1005.45;107
2018-08-28 18:52:22.997267;2;18.22;64.08;1004.96;107
2018-08-28 18:52:23.232971;3;18.36;64.42;1005.07;107
2018-08-28 18:52:23.466325;4;18.58;63.82;1005.02;107
2018-08-28 18:52:23.701119;5;18.54;64.34;1005.31;107
2018-08-28 18:52:23.936290;6;18.3;64.63;1004.93;107
2018-08-28 18:52:24.170641;7;18.16;66.51;1005.06;107
2018-08-28 18:52:24.405545;8;18.21;63.41;1004.59;107
2018-08-28 18:52:26.341385;11;18.44;62.95;1004.26;107
2018-08-28 18:52:26.676240;1;18.22;64.68;1005.32;108
2018-08-28 18:52:26.911316;2;18.22;64.24;1004.95;108
2018-08-28 18:52:27.145488;3;18.36;64.63;1005.02;108
2018-08-28 18:52:27.381047;4;18.57;64.09;1004.99;108
2018-08-28 18:52:27.615372;5;18.53;64.55;1005.25;108
2018-08-28 18:52:27.850136;6;18.29;64.88;1004.9;108
2018-08-28 18:52:28.084514;7;18.16;66.74;1005.14;108
2018-08-28 18:52:28.319011;8;18.22;63.67;1004.64;108
2018-08-28 18:52:30.227140;11;18.43;63.23;1004.27;108
2018-08-28 18:52:30.561923;1;18.21;64.73;1005.41;109
2018-08-28 18:52:30.796459;2;18.23;64.26;1004.99;109
2018-08-28 18:52:31.042643;3;18.36;64.63;1005.07;109
2018-08-28 18:52:31.266774;4;18.58;64.1;1005.01;109
2018-08-28 18:52:31.500524;5;18.53;64.58;1005.42;109
2018-08-28 18:52:31.736188;6;18.29;64.93;1004.97;109
2018-08-28 18:52:31.970929;7;18.15;66.82;1005.13;109
2018-08-28 18:52:32.205249;8;18.21;63.75;1004.76;109
2018-08-28 18:52:34.116254;11;18.43;63.36;1004.45;109
2018-08-28 18:52:34.451047;1;18.21;64.94;1005.59;110
2018-08-28 18:52:34.686243;2;18.22;64.48;1005.08;110
2018-08-28 18:52:34.921200;3;18.36;64.88;1005.22;110
2018-08-28 18:52:35.155930;4;18.58;64.32;1005.18;110
2018-08-28 18:52:35.389718;5;18.53;64.77;1005.53;110
2018-08-28 18:52:35.624487;6;18.29;65.08;1005.08;110
2018-08-28 18:52:35.859277;7;18.15;66.97;1005.19;110
2018-08-28 18:52:36.094620;8;18.2;63.89;1004.88;110
2018-08-28 18:52:37.993110;11;18.42;63.49;1004.49;110
2018-08-28 18:52:38.327918;1;18.21;65.07;1005.59;111
2018-08-28 18:52:38.563970;2;18.22;64.61;1005.14;111
2018-08-28 18:52:38.798461;3;18.35;64.98;1005.17;111
2018-08-28 18:52:39.032398;4;18.57;64.43;1005.24;111
2018-08-28 18:52:39.267235;5;18.52;64.86;1005.54;111
2018-08-28 18:52:39.502137;6;18.29;65.17;1005.19;111
2018-08-28 18:52:39.736564;7;18.15;67.06;1005.29;111
2018-08-28 18:52:39.971839;8;18.2;63.98;1004.92;111
2018-08-28 18:52:41.898950;11;18.42;63.55;1004.51;111
2018-08-28 18:52:42.233432;1;18.21;65.12;1005.73;112
2018-08-28 18:52:42.468531;2;18.22;64.63;1005.24;112
2018-08-28 18:52:42.704352;3;18.35;64.99;1005.25;112
2018-08-28 18:52:42.938893;4;18.57;64.45;1005.21;112
2018-08-28 18:52:43.172625;5;18.53;64.9;1005.56;112
2018-08-28 18:52:43.408288;6;18.29;65.2;1005.22;112
2018-08-28 18:52:43.642491;7;18.15;67.1;1005.35;112
2018-08-28 18:52:43.877990;8;18.2;64.02;1004.85;112
2018-08-28 18:52:45.806549;11;18.42;63.63;1002.19;112
2018-08-28 18:52:46.141364;1;18.21;65.17;1005.64;113
2018-08-28 18:52:46.376417;2;18.22;64.68;1005.18;113
2018-08-28 18:52:46.611184;3;18.35;65.04;1005.16;113
2018-08-28 18:52:46.846148;4;18.57;64.51;1005.28;113
2018-08-28 18:52:47.079959;5;18.53;64.93;1005.53;113
2018-08-28 18:52:47.315409;6;18.29;65.24;1005.17;113
2018-08-28 18:52:47.550120;7;18.15;67.15;1005.33;113
2018-08-28 18:52:47.785010;8;18.2;64.04;1004.9;113
2018-08-28 18:52:50.059796;11;18.41;63.66;1004.52;113
2018-08-28 18:52:50.394600;1;18.21;65.25;1005.65;114
2018-08-28 18:52:50.630425;2;18.21;64.78;1005.21;114
2018-08-28 18:52:50.864524;3;18.35;65.15;1005.16;114
2018-08-28 18:52:51.099524;4;18.56;64.61;1005.25;114
2018-08-28 18:52:51.333935;5;18.52;65.05;1005.49;114
2018-08-28 18:52:51.569091;6;18.28;65.36;1005.08;114
2018-08-28 18:52:51.803495;7;18.14;67.27;1005.26;114
2018-08-28 18:52:52.038333;8;18.2;64.2;1004.88;114
2018-08-28 18:52:53.934619;11;18.41;63.78;1004.35;114
2018-08-28 18:52:54.269095;1;18.2;65.32;1005.54;115
2018-08-28 18:52:54.504526;2;18.21;64.85;1005.03;115
2018-08-28 18:52:54.739859;3;18.34;65.21;1005.04;115
2018-08-28 18:52:54.973997;4;18.56;64.68;1005.08;115
2018-08-28 18:52:55.209543;5;18.52;65.11;1005.4;115
2018-08-28 18:52:55.442806;6;18.28;65.37;1004.99;115
2018-08-28 18:52:55.678134;7;18.14;67.29;1005.14;115
2018-08-28 18:52:55.912079;8;18.19;64.2;1004.7;115
