2018-08-28 13:05:31.443750;11;20.05;62.7;1016.61;0
2018-08-28 13:05:32.838598;11;20.04;62.65;1017.2;1
2018-08-28 13:05:34.196643;11;20.04;62.89;1018.23;2
2018-08-28 13:05:35.938657;11;20.04;62.71;1018.24;3
2018-08-28 13:05:37.769085;11;20.11;63.59;1018.29;4
2018-08-28 13:05:39.129107;11;20.05;63.03;1018.28;5
2018-08-28 13:05:41.636658;11;20.05;62.99;1017.1;6
2018-08-28 13:05:43.813168;11;20.02;62.87;1018.21;7
2018-08-28 13:05:45.172580;11;20.04;63.27;1018.24;8
2018-08-28 13:05:46.573607;11;20.03;63.16;1018.22;9
2018-08-28 13:05:47.934351;11;20.04;63.25;1018.23;10
2018-08-28 13:05:49.666791;11;20.05;63.41;1016.03;11
2018-08-28 13:05:51.025524;11;19.96;61.76;1017.77;12
2018-08-28 13:05:52.434771;11;19.93;61.3;1015.98;13
2018-08-28 13:05:54.160043;11;19.88;60.78;1018.24;14
2018-08-28 13:05:55.563151;11;19.9;61.21;1016.97;15
2018-08-28 13:05:56.932468;11;19.64;62.16;1017.75;16
2018-08-28 13:05:59.492383;11;19.88;61.48;1018.19;17
2018-08-28 13:06:00.886773;11;19.81;60.45;1015.94;18
2018-08-28 13:06:02.245819;11;19.81;60.57;1018.24;19
2018-08-28 13:06:04.882373;11;19.73;60.38;1018.28;20
2018-08-28 13:06:06.241442;11;19.73;60.91;1018.28;21
2018-08-28 13:06:08.082431;11;19.7;60.5;1018.28;22
2018-08-28 13:06:09.483350;11;19.69;60.69;1016.72;23
2018-08-28 13:06:11.346262;11;19.71;61.48;1016.05;24
2018-08-28 13:06:12.741165;11;19.7;61.66;1016.47;25
2018-08-28 13:06:14.601978;11;19.65;61.34;1015.99;26
2018-08-28 13:06:15.954834;11;19.66;61.59;1018.32;27
2018-08-28 13:06:17.354548;11;19.68;61.57;1018.24;28
2018-08-28 13:06:19.193106;11;19.65;61.34;1018.23;29
2018-08-28 13:06:20.601077;11;19.67;61.47;1018.23;30
2018-08-28 13:06:21.950521;11;19.71;61.91;1018.24;31
2018-08-28 13:06:23.348130;11;19.33;62.18;1017.64;32
2018-08-28 13:06:24.735167;11;19.32;62.23;1017.58;33
2018-08-28 13:06:26.567619;11;19.78;62.32;1018.28;34
2018-08-28 13:06:28.452964;11;19.72;61.48;1018.29;35
2018-08-28 13:06:30.215093;11;19.74;61.7;1018.29;36
2018-08-28 13:06:31.615816;11;19.7;61.48;1018.23;37
2018-08-28 13:06:33.498821;11;19.7;61.52;1018.22;38
2018-08-28 13:06:35.417191;11;19.72;62.06;1018.3;39
2018-08-28 13:06:37.243177;11;19.74;62.2;1018.29;40
2018-08-28 13:06:38.636347;11;19.74;61.89;1018.29;41
2018-08-28 13:06:39.995067;11;19.74;61.67;1018.27;42
2018-08-28 13:06:41.410882;11;19.76;61.7;1018.26;43
2018-08-28 13:06:42.803301;11;19.81;62.15;1016.17;44
2018-08-28 13:06:44.588924;11;19.86;62.48;1018.3;45
2018-08-28 13:06:45.938497;11;19.84;61.76;1018.27;46
2018-08-28 13:06:47.308793;11;19.83;60.98;1018.28;47
2018-08-28 13:06:48.700554;11;19.84;60.71;1016.83;48
2018-08-28 13:06:50.068915;11;19.87;60.98;1018.31;49
2018-08-28 13:06:51.851556;11;19.88;60.73;1018.33;50
2018-08-28 13:06:53.210606;11;19.89;60.91;1018.3;51
2018-08-28 13:06:55.694873;11;20.0;62.18;1016.62;52
2018-08-28 13:06:57.064244;11;20.01;61.59;1018.32;53
2018-08-28 13:06:58.464606;11;20.04;61.51;1016.52;54
2018-08-28 13:06:59.855729;11;20.03;60.95;1016.78;55
2018-08-28 13:07:02.400627;11;20.08;61.43;1018.26;56
2018-08-28 13:07:03.790150;11;20.11;61.61;1018.24;57
2018-08-28 13:07:05.155771;11;20.15;61.87;1018.29;58
2018-08-28 13:07:07.258899;11;20.16;61.32;1018.31;59
2018-08-28 13:07:08.653439;11;20.15;60.51;1016.28;60
2018-08-28 13:07:10.011481;11;20.17;60.51;1018.23;61
2018-08-28 13:07:12.567845;11;20.1;60.21;1018.23;62
2018-08-28 13:07:15.023814;11;20.06;60.3;1018.25;63
2018-08-28 13:07:16.431009;11;19.74;60.59;1017.67;64
2018-08-28 13:07:18.178140;11;20.07;60.8;1018.29;65
2018-08-28 13:07:19.582580;11;20.01;60.1;1018.22;66
2018-08-28 13:07:20.934144;11;19.95;59.97;1018.25;67
2018-08-28 13:07:22.336600;11;19.92;60.08;1018.27;68
2018-08-28 13:07:24.596654;11;19.97;61.03;1016.4;69
2018-08-28 13:07:26.853348;11;19.89;60.29;1018.3;70
2018-08-28 13:07:28.212019;11;19.88;61.09;1018.26;71
2018-08-28 13:07:30.075181;11;19.86;61.26;1018.22;72
2018-08-28 13:07:31.477596;11;19.86;61.23;1018.3;73
2018-08-28 13:07:32.868439;11;19.88;61.31;1018.27;74
2018-08-28 13:07:34.229858;11;19.87;61.26;1018.24;75
2018-08-28 13:07:35.925100;11;19.94;62.12;1018.32;76
2018-08-28 13:07:37.763675;11;19.95;62.01;1016.77;77
2018-08-28 13:07:39.932319;11;19.96;61.97;1018.25;78
2018-08-28 13:07:41.289680;11;19.96;61.85;1018.31;79
2018-08-28 13:07:42.678116;11;19.98;61.81;1016.16;80
2018-08-28 13:07:45.136828;11;20.03;62.06;1018.31;81
2018-08-28 13:07:46.543088;11;20.05;62.27;1018.34;82
2018-08-28 13:07:48.743717;11;20.07;62.32;1018.28;83
2018-08-28 13:07:50.106192;11;20.1;62.65;1018.31;84
2018-08-28 13:07:52.258314;11;20.11;62.78;1018.2;85
2018-08-28 13:07:54.786867;11;20.1;62.2;1018.29;86
2018-08-28 13:07:57.057466;11;20.13;62.61;1018.3;87
2018-08-28 13:07:58.467712;11;20.15;62.93;1018.24;88
2018-08-28 13:07:59.860586;11;20.19;63.28;1015.72;89
2018-08-28 13:08:02.499483;11;20.18;62.61;1016.05;90
2018-08-28 13:08:04.339113;11;20.18;62.55;1018.32;91
2018-08-28 13:08:05.734011;11;20.15;62.15;1018.33;92
2018-08-28 13:08:07.594755;11;20.21;62.9;1018.3;93
2018-08-28 13:08:08.947025;11;20.22;62.95;1018.25;94
2018-08-28 13:08:10.351785;11;19.76;62.89;1017.6;95
2018-08-28 13:08:11.746725;11;20.25;63.35;1018.31;96
2018-08-28 13:08:13.112938;11;20.18;62.74;1018.28;97
2018-08-28 13:08:14.517364;11;20.15;62.46;1018.28;98
2018-08-28 13:08:15.908850;11;20.14;62.54;1018.32;99
2018-08-28 13:08:17.632483;11;20.16;63.06;1018.33;100
2018-08-28 13:08:19.493909;11;20.22;63.85;1017.43;101
2018-08-28 13:08:20.891575;11;20.2;64.39;1018.15;102
2018-08-28 13:08:22.751977;11;19.84;64.61;1017.55;103
2018-08-28 13:08:24.607625;11;20.26;63.76;1016.09;104
2018-08-28 13:08:25.960879;11;20.19;63.08;1018.2;105
2018-08-28 13:08:27.363614;11;20.13;62.83;1018.07;106
2018-08-28 13:08:28.754416;11;20.04;62.48;1018.17;107
2018-08-28 13:08:30.117906;11;19.98;62.63;1018.12;108
2018-08-28 13:08:32.190978;11;19.96;63.08;1018.12;109
2018-08-28 13:08:33.960592;11;19.94;63.36;1018.12;110
2018-08-28 13:08:35.357908;11;19.93;63.67;1016.89;111
2018-08-28 13:08:37.167579;11;19.91;63.94;1018.1;112
2018-08-28 13:08:38.571922;11;19.92;64.31;1018.18;113
2018-08-28 13:08:42.168595;11;19.89;64.02;1018.2;114
2018-08-28 13:08:44.031732;11;19.9;64.12;1018.21;115
2018-08-28 13:08:45.437231;11;19.92;64.27;1018.25;116
2018-08-28 13:08:46.831137;11;19.93;64.4;1018.27;117
2018-08-28 13:08:48.191160;11;19.91;64.08;1018.19;118
2018-08-28 13:08:49.601548;11;19.89;63.75;1018.23;119
2018-08-28 13:08:50.953699;11;19.86;63.34;1018.26;120
2018-08-28 13:08:52.349217;11;19.86;63.42;1018.34;121
2018-08-28 13:08:54.060559;11;19.83;63.18;1018.3;122
2018-08-28 13:08:55.464952;11;19.82;63.29;1018.35;123
2018-08-28 13:08:57.340467;11;19.84;63.58;1018.37;124
2018-08-28 13:08:58.730196;11;19.82;63.29;1018.32;125
2018-08-28 13:09:00.091339;11;19.79;63.09;1018.28;126
2018-08-28 13:09:01.907313;11;19.78;63.42;1018.34;127
2018-08-28 13:09:03.268164;11;19.79;63.64;1018.32;128
2018-08-28 13:09:04.666814;11;19.81;63.73;1016.85;129
2018-08-28 13:09:06.542569;11;19.82;64.02;1017.01;130
2018-08-28 13:09:07.918728;11;19.66;64.11;1018.14;131
2018-08-28 13:09:09.278496;11;19.56;64.2;1017.99;132
2018-08-28 13:09:11.742994;11;19.64;64.41;1018.13;133
2018-08-28 13:09:13.102382;11;19.79;64.48;1018.19;134
2018-08-28 13:09:14.903532;11;19.66;63.73;1018.29;135
2018-08-28 13:09:16.263531;11;19.62;63.29;1018.31;136
2018-08-28 13:09:18.461495;11;19.64;63.64;1017.42;137
2018-08-28 13:09:19.852665;11;19.54;64.25;1018.14;138
2018-08-28 13:09:21.645850;11;19.66;64.09;1017.27;139
2018-08-28 13:09:23.002216;11;19.69;64.24;1018.34;140
2018-08-28 13:09:24.751408;11;19.72;64.58;1015.95;141
2018-08-28 13:09:26.491269;11;19.72;64.35;1017.01;142
2018-08-28 13:09:27.883806;11;19.71;64.12;1017.23;143
2018-08-28 13:09:29.639510;11;19.75;64.14;1018.3;144
2018-08-28 13:09:32.072620;11;19.81;64.33;1017.72;145
2018-08-28 13:09:33.866468;11;19.87;64.63;1018.31;146
2018-08-28 13:09:35.226917;11;19.94;65.33;1018.27;147
2018-08-28 13:09:36.631049;11;20.01;65.68;1018.25;148
2018-08-28 13:09:38.769974;11;19.8;65.49;1017.79;149
2018-08-28 13:09:40.132759;11;20.13;65.66;1018.26;150
2018-08-28 13:09:42.429027;11;20.21;65.47;1016.36;151
2018-08-28 13:09:44.171372;11;20.22;64.71;1018.25;152
2018-08-28 13:09:45.934196;11;20.29;64.99;1017.7;153
2018-08-28 13:09:47.336297;11;20.29;64.72;1018.21;154
2018-08-28 13:09:49.581663;11;19.85;64.56;1017.42;155
2018-08-28 13:09:50.936681;11;20.24;63.82;1018.08;156
2018-08-28 13:09:52.988566;11;20.11;63.01;1018.09;157
2018-08-28 13:09:54.814496;11;20.03;63.03;1017.89;158
2018-08-28 13:09:56.177035;11;20.04;63.44;1018.25;159
2018-08-28 13:09:57.580094;11;20.06;63.64;1018.3;160
2018-08-28 13:09:59.470909;11;20.05;63.77;1015.73;161
2018-08-28 13:10:01.225518;11;20.06;63.98;1018.2;162
2018-08-28 13:10:02.634051;11;20.02;63.71;1018.23;163
2018-08-28 13:10:04.842149;11;20.04;64.45;1018.22;164
2018-08-28 13:10:06.649120;11;20.1;65.1;1018.33;165
2018-08-28 13:10:09.017137;11;20.0;63.37;1017.54;166
2018-08-28 13:10:10.427722;11;19.95;63.34;1015.9;167
2018-08-28 13:10:11.825304;11;20.01;63.92;1016.89;168
2018-08-28 13:10:14.403288;11;19.97;64.75;1018.08;169
2018-08-28 13:10:16.167868;11;20.1;64.78;1018.07;170
2018-08-28 13:10:18.236054;11;20.13;64.86;1018.2;171
2018-08-28 13:10:19.645861;11;20.12;64.31;1015.22;172
2018-08-28 13:10:21.004916;11;20.17;64.75;1018.22;173
2018-08-28 13:10:22.767459;11;20.14;63.74;1016.13;174
2018-08-28 13:10:24.134686;11;20.11;63.68;1018.11;175
2018-08-28 13:10:25.932978;11;20.18;62.95;1017.66;176
2018-08-28 13:10:27.292071;11;20.22;63.35;1018.23;177
2018-08-28 13:10:29.572614;11;20.12;62.68;1016.97;178
2018-08-28 13:10:30.925534;11;20.09;62.38;1017.54;179
2018-08-28 13:10:32.287021;11;20.14;63.1;1018.25;180
2018-08-28 13:10:33.678500;11;20.21;64.21;1018.25;181
2018-08-28 13:10:35.043066;11;20.23;64.59;1018.24;182
2018-08-28 13:10:37.717110;11;20.21;64.09;1018.26;183
2018-08-28 13:10:39.622578;11;20.17;63.67;1016.64;184
2018-08-28 13:10:40.968396;11;20.16;63.5;1018.3;185
2018-08-28 13:10:42.369058;11;20.17;63.72;1018.24;186
2018-08-28 13:10:44.611823;11;20.16;63.42;1015.71;187
2018-08-28 13:10:47.183645;11;20.15;63.35;1017.9;188
2018-08-28 13:10:48.587752;11;20.12;63.16;1018.26;189
2018-08-28 13:10:49.938580;11;20.1;63.16;1018.27;190
2018-08-28 13:10:51.341534;11;20.1;63.17;1016.18;191
2018-08-28 13:10:53.421840;11;20.13;63.66;1016.27;192
2018-08-28 13:10:55.164069;11;20.1;63.08;1018.24;193
2018-08-28 13:10:56.570995;11;20.13;63.29;1018.19;194
2018-08-28 13:10:58.741923;11;20.2;63.64;1018.21;195
2018-08-28 13:11:00.104328;11;20.16;63.15;1018.2;196
2018-08-28 13:11:01.514626;11;20.15;62.74;1018.26;197
2018-08-28 13:11:02.908418;11;20.15;62.67;1018.29;198
2018-08-28 13:11:04.729203;11;20.22;63.46;1016.24;199
2018-08-28 13:11:06.091881;11;20.22;63.49;1018.2;200
2018-08-28 13:11:07.507833;11;20.23;63.14;1016.69;201
2018-08-28 13:11:09.236472;11;20.23;63.0;1018.26;202
2018-08-28 13:11:11.100795;11;20.22;62.82;1018.25;203
2018-08-28 13:11:13.674800;11;20.24;63.25;1016.4;204
2018-08-28 13:11:15.528602;11;20.26;63.42;1018.25;205
2018-08-28 13:11:17.271710;11;20.31;63.8;1018.29;206
2018-08-28 13:11:19.059245;11;20.37;64.1;1018.32;207
2018-08-28 13:11:20.472643;11;20.43;64.7;1016.8;208
2018-08-28 13:11:22.924367;11;20.49;64.28;1018.24;209
2018-08-28 13:11:24.791059;11;20.47;63.28;1018.25;210
2018-08-28 13:11:26.151175;11;20.46;62.96;1018.26;211
2018-08-28 13:11:28.873497;11;20.39;62.63;1018.21;212
2018-08-28 13:11:30.228864;11;20.38;61.89;1018.3;213
2018-08-28 13:11:31.631327;11;20.32;60.91;1016.93;214
2018-08-28 13:11:32.978791;11;20.3;60.7;1018.22;215
2018-08-28 13:11:34.380181;11;20.3;60.69;1018.22;216
2018-08-28 13:11:35.769351;11;20.31;61.36;1018.26;217
2018-08-28 13:11:37.130118;11;20.33;61.78;1018.3;218
2018-08-28 13:11:38.952027;11;20.14;62.42;1017.99;219
2018-08-28 13:11:40.352100;11;20.36;62.29;1018.34;220
2018-08-28 13:11:41.745036;11;20.37;62.25;1015.72;221
2018-08-28 13:11:43.515652;11;20.43;63.04;1018.33;222
2018-08-28 13:11:44.913295;11;20.47;63.28;1018.32;223
2018-08-28 13:11:46.272778;11;20.5;63.17;1018.34;224
2018-08-28 13:11:48.432115;11;20.57;63.62;1018.28;225
2018-08-28 13:11:49.820935;11;20.55;62.44;1018.32;226
2018-08-28 13:11:51.180678;11;20.54;61.84;1018.32;227
2018-08-28 13:11:52.585499;11;20.49;60.3;1018.34;228
2018-08-28 13:11:53.946609;11;20.38;59.58;1018.27;229
2018-08-28 13:11:55.307401;11;20.35;59.19;1018.32;230
2018-08-28 13:11:56.697872;11;20.32;58.72;1018.3;231
2018-08-28 13:11:58.563073;11;20.26;58.67;1018.26;232
2018-08-28 13:12:00.437211;11;20.22;58.7;1018.21;233
2018-08-28 13:12:02.535934;11;20.16;58.55;1018.24;234
2018-08-28 13:12:04.366657;11;20.09;58.93;1018.19;235
2018-08-28 13:12:05.761819;11;20.15;59.5;1018.26;236
2018-08-28 13:12:07.119624;11;20.16;60.15;1018.32;237
2018-08-28 13:12:08.526385;11;20.03;59.45;1018.17;238
2018-08-28 13:12:09.919231;11;20.06;58.67;1018.23;239
2018-08-28 13:12:11.810737;11;20.02;58.7;1018.25;240
2018-08-28 13:12:13.170223;11;20.02;58.98;1018.28;241
2018-08-28 13:12:14.575976;11;20.04;59.63;1018.18;242
2018-08-28 13:12:16.409541;11;20.05;60.2;1016.53;243
2018-08-28 13:12:17.797873;11;20.09;61.01;1016.72;244
2018-08-28 13:12:19.155886;11;19.89;60.53;1017.87;245
2018-08-28 13:12:20.961045;11;20.1;60.59;1018.31;246
2018-08-28 13:12:22.843034;11;20.12;60.63;1018.2;247
2018-08-28 13:12:24.732761;11;20.1;59.99;1016.99;248
2018-08-28 13:12:26.576814;11;20.11;59.86;1018.21;249
2018-08-28 13:12:28.858763;11;20.14;60.65;1018.26;250
2018-08-28 13:12:30.726435;11;20.14;60.43;1018.28;251
2018-08-28 13:12:32.089179;11;20.14;60.1;1018.23;252
2018-08-28 13:12:33.912764;11;20.17;60.42;1018.27;253
2018-08-28 13:12:35.278281;11;20.17;60.23;1018.28;254
2018-08-28 13:12:36.670782;11;20.2;60.58;1018.28;255
2018-08-28 13:12:39.650717;11;20.27;61.31;1018.28;256
2018-08-28 13:12:41.531614;11;20.35;61.67;1018.26;257
2018-08-28 13:12:42.924102;11;20.36;61.46;1018.31;258
2018-08-28 13:12:44.284226;11;20.34;60.7;1018.34;259
2018-08-28 13:12:46.930991;11;20.3;59.86;1018.24;260
2018-08-28 13:12:48.293130;11;20.27;59.79;1018.26;261
2018-08-28 13:12:49.683620;11;20.26;59.85;1016.87;262
2018-08-28 13:12:51.043066;11;20.27;60.12;1018.27;263
2018-08-28 13:12:52.899008;11;20.27;60.36;1018.22;264
2018-08-28 13:12:54.648562;11;20.28;60.78;1018.19;265
2018-08-28 13:12:56.008236;11;20.34;61.32;1018.19;266
2018-08-28 13:12:58.603922;11;20.33;60.59;1018.23;267
2018-08-28 13:13:00.452001;11;20.36;60.82;1018.31;268
2018-08-28 13:13:01.848609;11;20.37;60.9;1018.28;269
2018-08-28 13:13:03.208346;11;20.38;61.01;1018.24;270
2018-08-28 13:13:05.066390;11;20.35;60.71;1018.34;271
2018-08-28 13:13:06.839801;11;20.32;60.46;1018.3;272
2018-08-28 13:13:08.203309;11;20.31;60.32;1018.31;273
2018-08-28 13:13:09.607548;11;20.3;60.54;1018.32;274
2018-08-28 13:13:11.473961;11;20.27;60.37;1018.12;275
2018-08-28 13:13:12.864098;11;20.24;60.24;1018.34;276
2018-08-28 13:13:15.493495;11;20.28;61.17;1018.21;277
2018-08-28 13:13:16.881560;11;20.24;60.83;1018.25;278
2018-08-28 13:13:18.666248;11;19.75;61.02;1017.49;279
2018-08-28 13:13:20.025597;11;20.27;61.25;1018.34;280
2018-08-28 13:13:21.433744;11;20.24;60.48;1016.6;281
2018-08-28 13:13:22.829732;11;19.77;59.87;1017.62;282
2018-08-28 13:13:25.155699;11;20.16;59.51;1018.22;283
2018-08-28 13:13:26.561230;11;20.14;59.4;1016.61;284
2018-08-28 13:13:27.940377;11;20.11;59.53;1017.23;285
2018-08-28 13:13:29.769774;11;20.09;59.86;1017.63;286
2018-08-28 13:13:31.131585;11;20.07;59.9;1018.22;287
2018-08-28 13:13:33.736033;11;20.08;60.77;1018.25;288
2018-08-28 13:13:35.097467;11;20.09;61.43;1018.31;289
2018-08-28 13:13:36.877378;11;20.01;60.2;1015.18;290
2018-08-28 13:13:38.710850;11;20.01;60.0;1018.23;291
2018-08-28 13:13:40.072984;11;19.99;60.17;1018.28;292
2018-08-28 13:13:41.475519;11;19.84;60.49;1018.12;293
2018-08-28 13:13:42.864824;11;19.97;60.46;1018.33;294
2018-08-28 13:13:44.756959;11;19.95;60.55;1018.29;295
2018-08-28 13:13:46.123532;11;19.93;60.57;1018.27;296
2018-08-28 13:13:48.399364;11;19.92;61.02;1017.64;297
2018-08-28 13:13:50.559117;11;19.93;61.42;1018.38;298
2018-08-28 13:13:51.945815;11;19.93;61.72;1018.29;299
2018-08-28 13:13:53.306241;11;19.95;62.2;1018.3;300
2018-08-28 13:13:54.699101;11;19.96;62.24;1016.7;301
2018-08-28 13:13:56.066355;11;19.95;61.58;1018.32;302
2018-08-28 13:13:57.913466;11;19.93;61.52;1018.32;303
2018-08-28 13:13:59.272514;11;19.93;61.92;1018.26;304
2018-08-28 13:14:00.665161;11;19.42;61.9;1017.53;305
2018-08-28 13:14:02.026627;11;19.93;61.82;1018.33;306
2018-08-28 13:14:03.911877;11;19.93;61.81;1016.5;307
2018-08-28 13:14:05.272151;11;19.66;61.71;1017.92;308
2018-08-28 13:14:06.671640;11;19.91;61.75;1018.31;309
2018-08-28 13:14:08.925317;11;19.93;62.36;1018.32;310
2018-08-28 13:14:11.009884;11;19.92;61.88;1018.21;311
2018-08-28 13:14:12.422165;11;19.92;61.95;1018.34;312
2018-08-28 13:14:14.958754;11;19.92;62.04;1018.25;313
2018-08-28 13:14:16.356038;11;19.91;61.98;1018.24;314
2018-08-28 13:14:17.746166;11;19.92;61.97;1018.28;315
2018-08-28 13:14:19.106918;11;19.93;61.87;1018.31;316
2018-08-28 13:14:20.511343;11;19.93;61.96;1018.3;317
2018-08-28 13:14:21.901808;11;19.95;62.35;1018.36;318
2018-08-28 13:14:23.675589;11;19.94;62.16;1017.36;319
2018-08-28 13:14:25.908718;11;19.92;62.07;1018.28;320
2018-08-28 13:14:27.266422;11;19.93;62.34;1018.31;321
2018-08-28 13:14:29.092831;11;19.9;61.95;1018.31;322
2018-08-28 13:14:30.498677;11;19.88;62.19;1018.11;323
2018-08-28 13:14:31.894118;11;19.92;62.71;1018.27;324
2018-08-28 13:14:33.652239;11;19.37;62.32;1017.55;325
2018-08-28 13:14:35.548935;11;19.85;62.41;1018.3;326
2018-08-28 13:14:36.939649;11;19.83;62.22;1018.31;327
2018-08-28 13:14:38.766523;11;19.8;62.09;1015.84;328
2018-08-28 13:14:40.491506;11;19.82;62.6;1015.44;329
2018-08-28 13:14:42.271734;11;19.78;62.46;1018.28;330
2018-08-28 13:14:44.068334;11;19.79;62.77;1015.3;331
2018-08-28 13:14:45.479608;11;19.77;62.68;1018.23;332
2018-08-28 13:14:46.875229;11;19.77;62.66;1016.02;333
2018-08-28 13:14:48.713779;11;19.77;63.04;1018.3;334
2018-08-28 13:14:50.074935;11;19.78;63.19;1018.28;335
2018-08-28 13:14:51.481486;11;19.77;62.92;1018.32;336
2018-08-28 13:14:52.877930;11;19.8;63.27;1018.26;337
2018-08-28 13:14:55.341126;11;19.78;63.14;1017.32;338
2018-08-28 13:14:56.748719;11;19.77;63.18;1018.35;339
2018-08-28 13:14:59.214945;11;19.71;62.61;1018.26;340
2018-08-28 13:15:01.592555;11;19.69;62.5;1018.3;341
2018-08-28 13:15:02.957964;11;19.71;62.81;1018.34;342
2018-08-28 13:15:04.359494;11;19.71;63.17;1018.33;343
2018-08-28 13:15:06.165210;11;19.69;63.1;1018.38;344
2018-08-28 13:15:08.029845;11;19.7;63.39;1018.41;345
2018-08-28 13:15:09.436383;11;19.7;63.47;1018.3;346
2018-08-28 13:15:10.829035;11;19.7;63.56;1018.32;347
2018-08-28 13:15:12.650580;11;19.7;63.62;1015.93;348
2018-08-28 13:15:14.483384;11;19.73;63.95;1018.33;349
2018-08-28 13:15:16.354408;11;19.74;64.02;1018.32;350
2018-08-28 13:15:18.029503;11;19.77;64.29;1018.35;351
2018-08-28 13:15:19.801571;11;19.81;64.19;1017.43;352
2018-08-28 13:15:21.164335;11;19.77;63.44;1018.38;353
2018-08-28 13:15:22.571006;11;19.76;63.08;1016.73;354
2018-08-28 13:15:23.955510;11;19.52;63.29;1018.01;355
2018-08-28 13:15:25.355203;11;19.77;63.52;1018.32;356
2018-08-28 13:15:27.126552;11;19.78;63.77;1018.31;357
2018-08-28 13:15:28.975692;11;19.79;63.74;1018.33;358
2018-08-28 13:15:30.380845;11;19.82;63.92;1018.29;359
2018-08-28 13:15:31.775725;11;19.8;63.72;1015.21;360
2018-08-28 13:15:33.655975;11;19.81;63.55;1016.69;361
2018-08-28 13:15:35.399003;11;19.31;63.81;1017.5;362
2018-08-28 13:15:37.238299;11;19.9;64.53;1018.38;363
2018-08-28 13:15:38.649238;11;19.92;64.46;1016.58;364
2018-08-28 13:15:40.547869;11;19.92;63.68;1018.35;365
2018-08-28 13:15:41.938011;11;19.94;63.57;1018.35;366
2018-08-28 13:15:44.071838;11;19.93;63.11;1018.39;367
2018-08-28 13:15:46.360575;11;19.92;62.76;1018.38;368
2018-08-28 13:15:48.135376;11;19.93;62.56;1018.41;369
2018-08-28 13:15:49.541249;11;19.54;62.54;1017.76;370
2018-08-28 13:15:50.934663;11;19.94;62.64;1018.43;371
2018-08-28 13:15:52.809784;11;19.96;62.73;1018.41;372
2018-08-28 13:15:54.560699;11;19.95;62.8;1018.44;373
2018-08-28 13:15:55.945655;11;19.96;62.69;1018.35;374
2018-08-28 13:15:57.306129;11;19.99;62.69;1018.38;375
2018-08-28 13:15:58.702052;11;19.99;62.57;1018.36;376
2018-08-28 13:16:00.581932;11;20.02;62.77;1018.37;377
2018-08-28 13:16:03.120832;11;20.02;62.68;1018.35;378
2018-08-28 13:16:05.386823;11;20.02;62.79;1018.33;379
2018-08-28 13:16:07.188483;11;20.05;63.04;1018.36;380
2018-08-28 13:16:08.926025;11;20.08;63.4;1015.1;381
2018-08-28 13:16:10.799790;11;20.09;63.62;1015.78;382
2018-08-28 13:16:13.418590;11;20.14;63.78;1018.31;383
2018-08-28 13:16:14.811787;11;20.15;63.42;1018.27;384
2018-08-28 13:16:16.168937;11;20.15;63.19;1018.25;385
2018-08-28 13:16:17.572200;11;20.17;63.09;1018.2;386
2018-08-28 13:16:19.291341;11;20.17;62.42;1018.16;387
2018-08-28 13:16:20.688327;11;20.16;62.25;1018.19;388
2018-08-28 13:16:22.444988;11;20.2;62.29;1015.15;389
2018-08-28 13:16:23.840606;11;20.22;62.72;1016.23;390
2018-08-28 13:16:25.684970;11;20.28;63.49;1018.23;391
2018-08-28 13:16:27.045036;11;20.3;63.82;1018.25;392
2018-08-28 13:16:29.243338;11;20.31;63.37;1018.11;393
2018-08-28 13:16:30.649856;11;20.25;63.06;1018.12;394
2018-08-28 13:16:33.064888;11;20.3;62.69;1018.12;395
2018-08-28 13:16:34.477555;11;20.29;62.46;1018.0;396
2018-08-28 13:16:35.867343;11;20.31;62.4;1017.91;397
2018-08-28 13:16:37.228475;11;20.3;62.48;1017.99;398
2018-08-28 13:16:38.636638;11;20.29;62.72;1017.98;399
2018-08-28 13:16:40.865013;11;20.3;62.97;1018.06;400
2018-08-28 13:16:42.697430;11;20.31;62.99;1016.86;401
2018-08-28 13:16:45.209769;11;20.3;63.33;1018.04;402
2018-08-28 13:16:46.614246;11;20.3;63.24;1018.05;403
2018-08-28 13:16:47.967458;11;20.3;63.45;1018.05;404
2018-08-28 13:16:50.095128;11;20.32;62.94;1018.11;405
2018-08-28 13:16:52.234762;11;20.28;62.32;1018.06;406
2018-08-28 13:16:53.640917;11;20.25;61.91;1015.91;407
2018-08-28 13:16:56.209888;11;20.24;62.0;1018.01;408
2018-08-28 13:16:57.997988;11;20.22;62.26;1017.98;409
2018-08-28 13:16:59.404145;11;19.63;62.28;1017.1;410
2018-08-28 13:17:00.795328;11;19.88;61.92;1017.54;411
2018-08-28 13:17:02.155069;11;20.19;62.19;1018.01;412
2018-08-28 13:17:03.958807;11;20.18;62.51;1018.03;413
2018-08-28 13:17:06.133250;11;20.22;62.88;1018.12;414
2018-08-28 13:17:07.537168;11;20.23;63.06;1018.1;415
2018-08-28 13:17:08.933372;11;20.2;63.07;1018.04;416
2018-08-28 13:17:10.294050;11;20.19;63.07;1018.05;417
2018-08-28 13:17:11.691300;11;20.16;61.66;1018.16;418
2018-08-28 13:17:13.053832;11;20.16;61.0;1018.13;419
2018-08-28 13:17:14.877374;11;20.16;61.24;1018.04;420
2018-08-28 13:17:16.238940;11;20.15;61.23;1018.2;421
2018-08-28 13:17:17.971583;11;20.13;61.07;1018.31;422
2018-08-28 13:17:19.368568;11;19.57;61.22;1017.33;423
2018-08-28 13:17:20.757700;11;19.71;61.53;1017.57;424
2018-08-28 13:17:22.118423;11;20.11;61.58;1018.19;425
2018-08-28 13:17:23.523516;11;20.11;61.49;1016.49;426
2018-08-28 13:17:24.917090;11;19.87;61.28;1017.68;427
2018-08-28 13:17:26.278835;11;20.09;61.34;1018.01;428
2018-08-28 13:17:27.677146;11;20.06;61.2;1015.58;429
2018-08-28 13:17:29.033893;11;20.06;61.35;1018.13;430
2018-08-28 13:17:30.910314;11;20.08;61.75;1018.14;431
2018-08-28 13:17:32.273160;11;20.08;61.73;1018.04;432
2018-08-28 13:17:33.674183;11;20.1;61.89;1018.03;433
2018-08-28 13:17:35.032886;11;20.09;61.86;1018.16;434
2018-08-28 13:17:36.797754;11;20.07;61.75;1018.11;435
2018-08-28 13:17:38.565003;11;20.07;61.6;1015.78;436
2018-08-28 13:17:40.372884;11;20.07;61.55;1016.36;437
2018-08-28 13:17:41.770180;11;19.78;61.35;1017.58;438
2018-08-28 13:17:43.135025;11;20.07;61.27;1017.92;439
2018-08-28 13:17:45.644641;11;20.13;61.94;1016.45;440
2018-08-28 13:17:49.361984;11;19.99;59.57;1016.98;441
2018-08-28 13:17:50.759368;11;19.94;59.11;1013.89;442
2018-08-28 13:17:52.123600;11;19.86;58.92;1016.53;443
2018-08-28 13:17:53.538569;11;19.86;58.89;1014.23;444
2018-08-28 13:17:54.930077;11;19.46;58.77;1015.47;445
2018-08-28 13:17:57.004828;11;19.77;59.75;1015.58;446
2018-08-28 13:17:58.823958;11;19.72;59.33;1015.29;447
2018-08-28 13:18:00.648237;11;19.66;59.12;1015.03;448
2018-08-28 13:18:02.656214;11;19.61;59.23;1014.81;449
2018-08-28 13:18:04.936825;11;19.54;59.68;1014.67;450
2018-08-28 13:18:06.293808;11;19.51;59.96;1014.56;451
2018-08-28 13:18:08.757182;11;19.43;59.32;1014.4;452
2018-08-28 13:18:10.562008;11;19.36;59.43;1014.42;453
2018-08-28 13:18:12.962364;11;19.3;59.49;1014.41;454
2018-08-28 13:18:14.848062;11;19.24;59.47;1014.29;455
2018-08-28 13:18:16.683571;11;19.22;59.67;1012.92;456
2018-08-28 13:18:18.578462;11;19.18;59.7;1014.28;457
2018-08-28 13:18:20.767556;11;19.15;60.01;1012.34;458
2018-08-28 13:18:22.128044;11;19.13;60.17;1014.27;459
2018-08-28 13:18:23.532776;11;19.12;60.33;1011.93;460
2018-08-28 13:18:24.930088;11;19.12;60.44;1012.96;461
2018-08-28 13:18:26.286749;11;19.1;60.4;1014.2;462
2018-08-28 13:18:27.685043;11;19.1;60.61;1011.48;463
2018-08-28 13:18:29.448245;11;19.11;60.81;1014.23;464
2018-08-28 13:18:31.149632;11;19.11;60.76;1014.28;465
2018-08-28 13:18:32.550307;11;18.68;61.05;1013.51;466
2018-08-28 13:18:33.944836;11;19.02;61.22;1014.09;467
2018-08-28 13:18:35.301849;11;19.08;60.55;1014.14;468
2018-08-28 13:18:36.702229;11;19.09;61.0;1012.61;469
2018-08-28 13:18:38.609066;11;19.09;61.16;1014.13;470
2018-08-28 13:18:39.963715;11;19.11;61.63;1014.1;471
2018-08-28 13:18:41.366090;11;19.08;60.69;1014.05;472
2018-08-28 13:18:42.757610;11;19.07;60.22;1014.17;473
2018-08-28 13:18:44.119363;11;19.07;59.96;1014.23;474
2018-08-28 13:18:45.524217;11;19.07;59.85;1014.31;475
2018-08-28 13:18:46.916022;11;19.07;59.94;1014.38;476
2018-08-28 13:18:48.759844;11;18.81;60.15;1014.01;477
2018-08-28 13:18:50.118772;11;19.04;60.4;1014.34;478
2018-08-28 13:18:51.523219;11;19.04;60.95;1013.34;479
2018-08-28 13:18:53.546469;11;19.02;61.62;1014.26;480
2018-08-28 13:18:54.938743;11;19.01;61.83;1014.32;481
2018-08-28 13:18:56.295968;11;19.0;61.97;1014.25;482
2018-08-28 13:18:58.103158;11;19.0;62.12;1014.34;483
2018-08-28 13:18:59.507984;11;19.0;62.13;1014.27;484
2018-08-28 13:19:00.906627;11;18.99;62.15;1014.17;485
2018-08-28 13:19:02.814848;11;19.0;62.14;1012.88;486
2018-08-28 13:19:04.171859;11;19.02;62.2;1014.13;487
2018-08-28 13:19:05.580051;11;19.03;62.15;1012.4;488
2018-08-28 13:19:07.417012;11;19.0;62.08;1013.98;489
2018-08-28 13:19:09.860323;11;18.99;62.0;1014.18;490
2018-08-28 13:19:11.218492;11;19.0;62.08;1014.31;491
2018-08-28 13:19:12.626204;11;19.0;62.09;1014.47;492
2018-08-28 13:19:13.976434;11;19.01;62.1;1014.49;493
2018-08-28 13:19:15.373373;11;19.02;62.26;1014.53;494
2018-08-28 13:19:16.766220;11;19.03;62.32;1014.54;495
2018-08-28 13:19:18.548477;11;19.03;62.19;1014.58;496
2018-08-28 13:19:19.941308;11;19.04;62.2;1014.67;497
2018-08-28 13:19:21.342698;11;19.06;62.3;1014.68;498
2018-08-28 13:19:22.732868;11;19.07;62.41;1014.66;499
2018-08-28 13:19:24.093382;11;19.09;62.41;1014.67;500
2018-08-28 13:19:25.949594;11;18.59;62.24;1013.67;501
2018-08-28 13:19:27.789228;11;19.1;62.38;1014.32;502
2018-08-28 13:19:29.988241;11;19.11;62.53;1014.21;503
2018-08-28 13:19:31.393732;11;19.14;62.74;1014.06;504
2018-08-28 13:19:32.783133;11;19.13;62.82;1011.0;505
2018-08-28 13:19:35.308398;11;19.12;62.7;1014.0;506
2018-08-28 13:19:37.866789;11;18.91;62.76;1013.77;507
2018-08-28 13:19:39.703034;11;19.15;62.85;1014.19;508
2018-08-28 13:19:41.063194;11;19.14;63.02;1014.17;509
2018-08-28 13:19:42.469261;11;19.09;62.92;1014.14;510
2018-08-28 13:19:43.863780;11;19.08;62.87;1010.92;511
2018-08-28 13:19:45.224574;11;19.07;62.99;1014.36;512
2018-08-28 13:19:47.786029;11;19.06;63.19;1014.44;513
2018-08-28 13:19:49.148833;11;19.05;63.33;1014.42;514
2018-08-28 13:19:50.550605;11;19.06;63.52;1014.44;515
2018-08-28 13:19:52.418855;11;19.03;63.23;1014.43;516
2018-08-28 13:19:53.814463;11;19.04;63.39;1014.48;517
2018-08-28 13:19:55.715151;11;19.06;63.72;1012.27;518
2018-08-28 13:19:57.077949;11;19.01;63.63;1014.32;519
2018-08-28 13:19:58.480726;11;19.05;63.67;1011.93;520
2018-08-28 13:20:00.242210;11;19.07;64.03;1014.35;521
2018-08-28 13:20:02.056203;11;19.07;64.14;1014.36;522
2018-08-28 13:20:03.461320;11;19.09;64.4;1014.29;523
2018-08-28 13:20:04.851097;11;19.06;64.0;1011.94;524
2018-08-28 13:20:06.210841;11;19.03;63.74;1014.25;525
2018-08-28 13:20:08.026938;11;19.01;63.68;1014.32;526
2018-08-28 13:20:09.882206;11;19.02;63.73;1013.3;527
2018-08-28 13:20:11.691138;11;19.02;63.92;1014.35;528
2018-08-28 13:20:13.476497;11;19.03;64.11;1014.32;529
2018-08-28 13:20:14.865928;11;19.01;64.1;1014.28;530
2018-08-28 13:20:16.607902;11;19.03;64.12;1014.35;531
2018-08-28 13:20:17.962184;11;19.03;64.03;1014.34;532
2018-08-28 13:20:19.361849;11;19.0;63.78;1014.32;533
2018-08-28 13:20:21.113757;11;18.99;63.64;1014.33;534
2018-08-28 13:20:22.521998;11;18.99;63.58;1012.85;535
2018-08-28 13:20:24.775572;11;18.98;63.57;1014.38;536
2018-08-28 13:20:26.137404;11;18.97;63.57;1014.37;537
2018-08-28 13:20:27.540178;11;18.96;63.58;1014.51;538
2018-08-28 13:20:28.932320;11;18.96;63.6;1014.54;539
2018-08-28 13:20:30.810810;11;18.95;63.67;1014.49;540
2018-08-28 13:20:33.216626;11;18.95;63.73;1014.45;541
2018-08-28 13:20:34.623843;11;18.95;63.77;1011.2;542
2018-08-28 13:20:36.470288;11;18.95;63.77;1014.47;543
2018-08-28 13:20:37.861775;11;18.94;63.79;1014.52;544
2018-08-28 13:20:39.221053;11;18.92;63.78;1014.49;545
2018-08-28 13:20:40.624912;11;18.93;63.81;1014.51;546
2018-08-28 13:20:41.974419;11;18.93;63.82;1014.51;547
2018-08-28 13:20:43.378572;11;18.93;63.77;1014.51;548
2018-08-28 13:20:46.014410;11;18.94;63.73;1014.5;549
2018-08-28 13:20:47.426721;11;18.94;63.73;1014.48;550
2018-08-28 13:20:49.168716;11;18.95;63.75;1014.39;551
2018-08-28 13:20:50.578340;11;18.9;63.71;1014.34;552
2018-08-28 13:20:51.940096;11;18.95;63.68;1014.34;553
2018-08-28 13:20:53.797133;11;18.96;63.66;1014.34;554
2018-08-28 13:20:55.908388;11;18.81;63.58;1014.09;555
2018-08-28 13:20:57.265761;11;18.97;63.53;1014.37;556
2018-08-28 13:20:58.659610;11;18.97;63.43;1012.0;557
2018-08-28 13:21:00.016343;11;18.96;63.24;1014.3;558
2018-08-28 13:21:01.423855;11;18.96;63.07;1011.11;559
2018-08-28 13:21:02.816380;11;18.96;63.06;1011.93;560
2018-08-28 13:21:05.330382;11;18.96;62.96;1012.36;561
2018-08-28 13:21:06.723890;11;18.96;62.96;1014.21;562
2018-08-28 13:21:08.084660;11;18.96;62.94;1014.25;563
2018-08-28 13:21:09.907238;11;18.97;62.7;1014.26;564
2018-08-28 13:21:11.266689;11;18.97;62.73;1014.3;565
2018-08-28 13:21:13.074487;11;18.98;62.76;1014.32;566
2018-08-28 13:21:14.851321;11;18.98;62.8;1014.26;567
2018-08-28 13:21:17.058850;11;18.98;62.26;1013.65;568
2018-08-28 13:21:18.771503;11;18.98;62.23;1014.32;569
2018-08-28 13:21:20.619659;11;18.98;62.21;1012.04;570
2018-08-28 13:21:22.499879;11;18.48;62.18;1013.58;571
2018-08-28 13:21:23.891565;11;18.98;62.13;1014.4;572
2018-08-28 13:21:26.068200;11;18.87;62.04;1014.25;573
2018-08-28 13:21:27.471235;11;19.0;62.01;1012.1;574
2018-08-28 13:21:29.228299;11;19.01;61.91;1014.48;575
2018-08-28 13:21:30.637837;11;19.0;61.89;1014.41;576
2018-08-28 13:21:33.075768;11;19.03;62.33;1014.41;577
2018-08-28 13:21:36.155325;11;19.02;62.15;1014.38;578
2018-08-28 13:21:37.987758;11;19.01;61.99;1014.39;579
2018-08-28 13:21:39.394993;11;19.01;62.05;1013.18;580
2018-08-28 13:21:41.235936;11;18.9;61.97;1014.35;581
2018-08-28 13:21:43.027773;11;19.02;61.89;1014.48;582
2018-08-28 13:21:44.438044;11;19.01;61.8;1011.27;583
2018-08-28 13:21:47.620327;11;18.99;61.55;1014.47;584
2018-08-28 13:21:48.970182;11;18.99;61.56;1014.47;585
2018-08-28 13:21:51.093853;11;18.99;61.31;1014.42;586
2018-08-28 13:21:53.772958;11;18.98;61.16;1014.32;587
2018-08-28 13:21:55.133856;11;18.97;61.09;1014.37;588
2018-08-28 13:21:56.538896;11;18.97;60.82;1014.28;589
2018-08-28 13:21:57.927422;11;18.97;60.78;1014.34;590
2018-08-28 13:21:59.285052;11;18.97;60.78;1014.37;591
2018-08-28 13:22:00.673421;11;18.98;60.62;1014.42;592
2018-08-28 13:22:02.036694;11;18.99;60.44;1014.48;593
2018-08-28 13:22:03.446520;11;18.99;60.36;1014.52;594
2018-08-28 13:22:05.725343;11;18.96;60.24;1014.48;595
2018-08-28 13:22:07.085059;11;19.02;60.32;1014.62;596
2018-08-28 13:22:09.614807;11;19.04;60.22;1014.6;597
2018-08-28 13:22:10.965681;11;19.04;60.29;1014.53;598
2018-08-28 13:22:12.368078;11;18.66;60.22;1013.82;599
2018-08-28 13:22:13.757258;11;18.91;60.1;1014.25;600
2018-08-28 13:22:15.517979;11;19.07;60.43;1014.34;601
2018-08-28 13:22:16.914902;11;19.07;60.31;1014.21;602
2018-08-28 13:22:18.772579;11;19.07;60.22;1014.12;603
2018-08-28 13:22:20.656025;11;19.06;60.08;1014.22;604
2018-08-28 13:22:22.532144;11;19.09;60.17;1011.71;605
2018-08-28 13:22:23.925222;11;19.12;60.23;1012.49;606
2018-08-28 13:22:25.287448;11;19.0;60.2;1014.12;607
2018-08-28 13:22:27.141461;11;19.2;59.85;1014.43;608
2018-08-28 13:22:28.545095;11;19.24;59.39;1014.36;609
2018-08-28 13:22:30.358058;11;19.29;58.78;1014.39;610
2018-08-28 13:22:31.751627;11;19.32;58.0;1012.05;611
2018-08-28 13:22:33.112059;11;19.4;57.84;1013.85;612
2018-08-28 13:22:34.927819;11;19.56;58.09;1014.52;613
2018-08-28 13:22:36.801819;11;19.69;57.41;1014.63;614
2018-08-28 13:22:38.164567;11;19.79;56.82;1014.61;615
2018-08-28 13:22:39.570497;11;19.88;56.4;1014.56;616
2018-08-28 13:22:40.930234;11;19.97;56.69;1014.6;617
2018-08-28 13:22:42.793761;11;20.15;56.79;1014.52;618
2018-08-28 13:22:44.152113;11;20.24;57.05;1014.55;619
2018-08-28 13:22:45.556614;11;19.83;57.11;1013.8;620
2018-08-28 13:22:46.933358;11;20.25;57.15;1014.58;621
2018-08-28 13:22:48.295193;11;20.09;57.25;1014.5;622
2018-08-28 13:22:50.082903;11;20.04;56.96;1014.64;623
2018-08-28 13:22:51.487337;11;19.96;57.01;1014.66;624
2018-08-28 13:22:52.875767;11;19.9;57.34;1014.67;625
2018-08-28 13:22:54.235227;11;19.86;57.54;1014.59;626
2018-08-28 13:22:56.042157;11;19.8;57.58;1014.58;627
2018-08-28 13:22:57.820560;11;19.71;57.67;1013.31;628
2018-08-28 13:22:59.180948;11;19.66;57.87;1014.58;629
2018-08-28 13:23:00.587119;11;19.62;57.98;1013.27;630
2018-08-28 13:23:02.651313;11;19.56;58.2;1014.49;631
2018-08-28 13:23:04.488854;11;19.49;58.49;1014.49;632
2018-08-28 13:23:05.882736;11;19.45;58.62;1014.46;633
2018-08-28 13:23:07.242865;11;19.43;58.6;1014.54;634
2018-08-28 13:23:09.065394;11;19.38;58.74;1014.5;635
2018-08-28 13:23:10.476024;11;19.36;58.75;1011.36;636
2018-08-28 13:23:12.356573;11;19.32;58.48;1012.79;637
2018-08-28 13:23:13.748442;11;19.31;58.49;1013.42;638
2018-08-28 13:23:15.572337;11;19.28;58.61;1014.63;639
2018-08-28 13:23:17.658656;11;19.27;58.53;1014.66;640
2018-08-28 13:23:19.014002;11;19.24;58.37;1014.55;641
2018-08-28 13:23:20.419137;11;19.23;58.35;1014.52;642
2018-08-28 13:23:22.251210;11;19.21;58.39;1014.54;643
2018-08-28 13:23:23.650223;11;19.21;58.48;1012.76;644
2018-08-28 13:23:26.016778;11;19.2;58.6;1014.52;645
2018-08-28 13:23:27.433182;11;19.2;58.73;1014.58;646
2018-08-28 13:23:28.827145;11;19.19;58.68;1014.51;647
2018-08-28 13:23:30.184418;11;19.19;58.66;1014.35;648
2018-08-28 13:23:31.596359;11;19.14;58.77;1014.31;649
2018-08-28 13:23:33.965359;11;19.14;59.05;1014.31;650
2018-08-28 13:23:35.832245;11;19.13;59.18;1011.71;651
2018-08-28 13:23:37.647590;11;19.15;59.27;1012.83;652
2018-08-28 13:23:39.005049;11;19.15;59.39;1014.23;653
2018-08-28 13:23:40.411524;11;19.15;59.5;1012.65;654
2018-08-28 13:23:41.807071;11;19.15;58.91;1013.23;655
2018-08-28 13:23:43.553875;11;19.15;58.68;1014.23;656
2018-08-28 13:23:44.917058;11;19.15;58.68;1014.24;657
2018-08-28 13:23:46.277778;11;19.17;59.02;1014.23;658
2018-08-28 13:23:48.766893;11;19.18;59.11;1014.21;659
2018-08-28 13:23:50.593579;11;19.19;58.98;1012.22;660
2018-08-28 13:23:52.369700;11;19.23;58.84;1014.25;661
2018-08-28 13:23:53.764050;11;19.26;58.76;1014.23;662
2018-08-28 13:23:55.607259;11;19.28;58.53;1014.26;663
2018-08-28 13:23:56.957108;11;19.3;58.3;1014.16;664
2018-08-28 13:23:58.354394;11;19.34;58.03;1012.72;665
2018-08-28 13:24:00.495398;11;19.41;58.02;1011.39;666
2018-08-28 13:24:01.887532;11;19.48;57.87;1012.34;667
2018-08-28 13:24:03.783844;11;19.56;57.6;1014.39;668
2018-08-28 13:24:05.144588;11;19.64;57.39;1014.35;669
2018-08-28 13:24:06.999586;11;19.71;57.12;1014.36;670
2018-08-28 13:24:08.405063;11;19.75;57.01;1012.89;671
2018-08-28 13:24:10.179492;11;19.85;57.04;1014.34;672
2018-08-28 13:24:12.461527;11;19.89;56.83;1014.36;673
2018-08-28 13:24:13.852885;11;19.95;56.74;1014.25;674
2018-08-28 13:24:15.212295;11;19.99;56.68;1014.31;675
2018-08-28 13:24:16.619125;11;20.01;56.71;1014.29;676
2018-08-28 13:24:17.966278;11;20.04;56.76;1014.32;677
2018-08-28 13:24:19.371365;11;20.06;56.88;1014.23;678
2018-08-28 13:24:20.768353;11;20.2;56.44;1014.32;679
2018-08-28 13:24:22.131857;11;20.25;56.23;1014.28;680
2018-08-28 13:24:23.546733;11;20.31;56.05;1014.24;681
2018-08-28 13:24:25.444499;11;20.37;55.7;1011.41;682
2018-08-28 13:24:26.838016;11;20.4;55.52;1012.48;683
2018-08-28 13:24:28.200523;11;20.47;55.42;1014.36;684
2018-08-28 13:24:29.614491;11;20.59;55.34;1012.72;685
2018-08-28 13:24:30.965369;11;20.66;55.08;1013.84;686
2018-08-28 13:24:32.866400;11;20.65;55.04;1011.97;687
2018-08-28 13:24:34.648134;11;20.65;54.94;1014.32;688
2018-08-28 13:24:36.004709;11;20.72;54.84;1014.32;689
2018-08-28 13:24:37.421401;11;20.81;54.84;1014.37;690
2018-08-28 13:24:38.816665;11;20.79;54.71;1014.33;691
2018-08-28 13:24:40.182944;11;20.74;54.75;1014.33;692
2018-08-28 13:24:42.443343;11;20.63;55.0;1012.85;693
2018-08-28 13:24:43.834212;11;20.33;55.09;1013.91;694
2018-08-28 13:24:45.197978;11;20.51;55.18;1014.26;695
2018-08-28 13:24:47.054305;11;20.34;55.3;1014.17;696
2018-08-28 13:24:48.459460;11;20.41;55.52;1011.98;697
2018-08-28 13:24:49.855156;11;20.41;55.63;1012.67;698
2018-08-28 13:24:51.944136;11;20.49;55.6;1014.52;699
2018-08-28 13:24:53.349279;11;20.64;55.41;1014.57;700
2018-08-28 13:24:55.087518;11;20.8;54.92;1014.57;701
2018-08-28 13:24:57.610749;11;20.92;54.25;1012.21;702
2018-08-28 13:24:58.960575;11;20.94;54.0;1014.55;703
2018-08-28 13:25:00.360286;11;20.97;53.81;1014.61;704
2018-08-28 13:25:01.750396;11;20.96;53.7;1014.5;705
2018-08-28 13:25:03.633061;11;20.84;54.02;1014.52;706
2018-08-28 13:25:04.980159;11;20.72;54.32;1014.44;707
2018-08-28 13:25:07.238524;11;20.6;54.75;1014.42;708
2018-08-28 13:25:08.647097;11;20.5;54.87;1012.64;709
2018-08-28 13:25:10.004743;11;20.21;55.25;1014.03;710
2018-08-28 13:25:12.134512;11;20.3;55.51;1011.93;711
2018-08-28 13:25:13.929071;11;20.16;56.21;1014.29;712
2018-08-28 13:25:15.286383;11;20.07;56.45;1014.28;713
2018-08-28 13:25:18.885452;11;19.95;57.07;1014.3;714
2018-08-28 13:25:20.243457;11;19.89;57.13;1014.41;715
2018-08-28 13:25:22.000315;11;19.83;57.23;1014.33;716
2018-08-28 13:25:23.401875;11;19.8;57.37;1012.35;717
2018-08-28 13:25:24.792651;11;19.77;57.47;1012.57;718
2018-08-28 13:25:26.600865;11;19.25;57.42;1013.39;719
2018-08-28 13:25:27.953246;11;19.62;57.35;1014.08;720
2018-08-28 13:25:29.352098;11;19.65;57.62;1011.41;721
2018-08-28 13:25:31.157947;11;19.62;57.56;1011.87;722
2018-08-28 13:25:33.558644;11;19.57;57.64;1014.29;723
2018-08-28 13:25:35.437495;11;19.54;57.76;1014.27;724
2018-08-28 13:25:36.830381;11;19.51;57.72;1014.27;725
2018-08-28 13:25:38.192804;11;19.49;57.6;1014.35;726
2018-08-28 13:25:40.066583;11;19.47;57.66;1014.39;727
2018-08-28 13:25:42.579600;11;19.44;57.86;1014.4;728
2018-08-28 13:25:44.404157;11;19.43;57.7;1013.09;729
2018-08-28 13:25:45.796666;11;19.2;57.5;1014.08;730
2018-08-28 13:25:47.157101;11;19.41;57.68;1014.47;731
2018-08-28 13:25:48.968732;11;19.42;57.97;1014.55;732
