2018-08-10 16:31:13.195233;1;27.44;28.69;1017.182;0
2018-08-10 16:31:13.430961;2;27.49;29.08;1017.322;0
2018-08-10 16:31:13.664553;3;27.59;28.53;1017.355;0
2018-08-10 16:31:13.899732;4;27.73;28.25;1017.349;0
2018-08-10 16:31:14.133918;5;27.63;28.98;1017.4000000000001;0
2018-08-10 16:31:14.367943;6;27.31;28.58;1017.173;0
2018-08-10 16:31:14.602793;7;27.25;29.11;1017.248;0
2018-08-10 16:31:14.838702;8;27.39;28.14;1017.283;0
2018-08-10 16:31:15.072308;9;27.64;29.83;1017.266;0
2018-08-10 16:31:15.306533;10;27.52;28.94;1017.21;0
2018-08-10 16:31:15.541071;11;26.98;29.25;1017.3;0
2018-08-10 16:31:15.876864;1;27.43;28.55;1017.192;1
2018-08-10 16:31:16.111519;2;27.47;28.99;1017.322;1
2018-08-10 16:31:16.345542;3;27.58;28.41;1017.355;1
2018-08-10 16:31:16.580082;4;27.71;28.12;1017.299;1
2018-08-10 16:31:16.815186;5;27.62;28.84;1017.37;1
2018-08-10 16:31:17.049234;6;27.3;28.45;1017.193;1
2018-08-10 16:31:17.284038;7;27.24;28.99;1017.2280000000001;1
2018-08-10 16:31:17.518213;8;27.37;28.04;1017.2330000000001;1
2018-08-10 16:31:17.753051;9;27.62;29.7;1017.196;1
2018-08-10 16:31:17.987199;10;27.51;28.8;1017.1700000000001;1
2018-08-10 16:31:18.222357;11;26.96;29.13;1017.26;1
2018-08-10 16:31:18.556056;1;27.42;28.43;1017.192;2
2018-08-10 16:31:18.790550;2;27.47;28.86;1017.352;2
2018-08-10 16:31:19.025623;3;27.57;28.28;1017.265;2
2018-08-10 16:31:19.259995;4;27.7;28.02;1017.259;2
2018-08-10 16:31:19.494688;5;27.6;28.74;1017.34;2
2018-08-10 16:31:19.730416;6;27.29;28.33;1017.2130000000001;2
2018-08-10 16:31:19.964538;7;27.22;28.85;1017.208;2
2018-08-10 16:31:20.198442;8;27.35;27.93;1017.173;2
2018-08-10 16:31:20.432889;9;27.61;29.59;1017.206;2
2018-08-10 16:31:20.669389;10;27.5;28.7;1017.15;2
2018-08-10 16:31:20.903050;11;26.93;29.03;1017.23;2
2018-08-10 16:31:21.237230;1;27.41;28.33;1017.182;3
2018-08-10 16:31:21.471806;2;27.45;28.74;1017.342;3
2018-08-10 16:31:21.706400;3;27.55;28.17;1017.225;3
2018-08-10 16:31:21.941158;4;27.68;27.89;1017.269;3
2018-08-10 16:31:22.175337;5;27.59;28.6;1017.37;3
2018-08-10 16:31:22.410105;6;27.27;28.23;1017.143;3
2018-08-10 16:31:22.644660;7;27.21;28.76;1017.218;3
2018-08-10 16:31:23.113460;9;27.6;29.47;1017.256;3
2018-08-10 16:31:23.347922;10;27.49;28.57;1017.2;3
2018-08-10 16:31:23.582401;11;26.91;28.93;1017.24;3
2018-08-10 16:31:23.917207;1;27.39;28.19;1017.182;4
2018-08-10 16:31:24.151767;2;27.44;28.64;1017.342;4
2018-08-10 16:31:24.386722;3;27.54;28.05;1017.2750000000001;4
2018-08-10 16:31:24.621674;4;27.66;27.79;1017.269;4
2018-08-10 16:31:24.855972;5;27.58;28.51;1017.3100000000001;4
2018-08-10 16:31:25.090930;6;27.25;28.1;1017.183;4
2018-08-10 16:31:25.325494;7;27.2;28.66;1017.208;4
2018-08-10 16:31:25.559599;8;27.31;27.71;1017.163;4
2018-08-10 16:31:25.794438;9;27.58;29.37;1017.236;4
2018-08-10 16:31:26.029648;10;27.48;28.46;1017.12;4
2018-08-10 16:31:26.264246;11;26.89;28.82;1017.25;4
2018-08-10 16:31:26.597473;1;27.37;28.07;1017.192;5
2018-08-10 16:31:26.833110;2;27.42;28.49;1017.342;5
2018-08-10 16:31:27.066793;3;27.52;27.92;1017.2950000000001;5
2018-08-10 16:31:27.301586;4;27.64;27.68;1017.269;5
2018-08-10 16:31:27.536866;5;27.57;28.36;1017.37;5
2018-08-10 16:31:27.770504;6;27.24;28.0;1017.173;5
2018-08-10 16:31:28.006306;7;27.19;28.51;1017.2280000000001;5
2018-08-10 16:31:28.239882;8;27.3;27.6;1017.2030000000001;5
2018-08-10 16:31:28.474438;9;27.57;29.23;1017.206;5
2018-08-10 16:31:28.709606;10;27.46;28.33;1017.15;5
2018-08-10 16:31:28.944366;11;26.87;28.72;1017.24;5
2018-08-10 16:31:29.278436;1;27.36;27.95;1017.142;6
2018-08-10 16:31:29.513479;2;27.41;28.41;1017.302;6
2018-08-10 16:31:29.747498;3;27.51;27.82;1017.255;6
2018-08-10 16:31:29.982477;4;27.62;27.57;1017.269;6
2018-08-10 16:31:30.216646;5;27.55;28.28;1017.33;6
2018-08-10 16:31:30.451174;6;27.21;27.88;1017.133;6
2018-08-10 16:31:30.686500;7;27.16;28.42;1017.148;6
2018-08-10 16:31:30.920394;8;27.28;27.51;1017.1830000000001;6
2018-08-10 16:31:31.154874;9;27.55;29.13;1017.2860000000001;6
2018-08-10 16:31:31.389341;10;27.45;28.23;1017.16;6
2018-08-10 16:31:31.624918;11;26.85;28.61;1017.23;6
2018-08-10 16:31:31.958700;1;27.34;27.87;1017.152;7
2018-08-10 16:31:32.193779;2;27.39;28.29;1017.332;7
2018-08-10 16:31:32.428730;3;27.5;27.7;1017.2750000000001;7
2018-08-10 16:31:32.662884;4;27.61;27.46;1017.269;7
2018-08-10 16:31:32.898790;5;27.54;28.13;1017.33;7
2018-08-10 16:31:33.132303;6;27.19;27.8;1017.1030000000001;7
2018-08-10 16:31:33.366542;7;27.15;28.33;1017.178;7
2018-08-10 16:31:33.600679;8;27.26;27.39;1017.163;7
2018-08-10 16:31:33.835503;9;27.54;29.02;1017.226;7
2018-08-10 16:31:34.070465;10;27.44;28.11;1017.16;7
2018-08-10 16:31:34.304742;11;26.84;28.52;1017.23;7
2018-08-10 16:31:34.639247;1;27.34;27.76;1017.2120000000001;8
2018-08-10 16:31:34.874205;2;27.38;28.16;1017.332;8
2018-08-10 16:31:35.109205;3;27.49;27.61;1017.3050000000001;8
2018-08-10 16:31:35.343055;4;27.59;27.36;1017.199;8
2018-08-10 16:31:35.578041;5;27.52;28.06;1017.36;8
2018-08-10 16:31:35.812320;6;27.17;27.66;1017.143;8
2018-08-10 16:31:36.046781;7;27.13;28.18;1017.168;8
2018-08-10 16:31:36.281733;8;27.24;27.29;1017.2030000000001;8
2018-08-10 16:31:36.516760;9;27.53;28.91;1017.226;8
2018-08-10 16:31:36.750576;10;27.42;27.99;1017.13;8
2018-08-10 16:31:36.985795;11;26.82;28.41;1017.27;8
2018-08-10 16:31:37.319797;1;27.32;27.64;1017.1320000000001;9
2018-08-10 16:31:37.554971;2;27.36;28.08;1017.312;9
2018-08-10 16:31:37.789486;3;27.47;27.49;1017.265;9
2018-08-10 16:31:38.023861;4;27.58;27.24;1017.229;9
2018-08-10 16:31:38.258454;5;27.51;27.95;1017.35;9
2018-08-10 16:31:38.493326;6;27.15;27.6;1017.153;9
2018-08-10 16:31:38.727980;7;27.12;28.1;1017.208;9
2018-08-10 16:31:38.962419;8;27.22;27.2;1017.163;9
2018-08-10 16:31:39.196324;9;27.51;28.81;1017.216;9
2018-08-10 16:31:39.431156;10;27.4;27.9;1017.09;9
2018-08-10 16:31:39.665541;11;26.8;28.3;1017.29;9
2018-08-10 16:31:40.000405;1;27.31;27.54;1017.152;10
2018-08-10 16:31:40.234871;2;27.34;27.97;1017.322;10
2018-08-10 16:31:40.469641;3;27.45;27.39;1017.255;10
2018-08-10 16:31:40.704953;4;27.57;27.15;1017.259;10
2018-08-10 16:31:40.940159;5;27.49;27.84;1017.37;10
2018-08-10 16:31:41.174259;6;27.13;27.49;1017.153;10
2018-08-10 16:31:41.408893;7;27.11;27.97;1017.238;10
2018-08-10 16:31:41.643199;8;27.21;27.08;1017.2230000000001;10
2018-08-10 16:31:42.279596;9;27.49;28.67;1017.236;10
2018-08-10 16:31:42.514750;10;27.39;27.77;1017.1700000000001;10
2018-08-10 16:31:42.749629;11;26.78;28.2;1017.28;10
2018-08-10 16:31:43.083680;1;27.29;27.41;1017.202;11
2018-08-10 16:31:43.318174;2;27.33;27.83;1017.302;11
2018-08-10 16:31:43.553053;3;27.44;27.27;1017.2950000000001;11
2018-08-10 16:31:43.788434;4;27.55;27.02;1017.359;11
2018-08-10 16:31:44.023054;5;27.48;27.73;1017.37;11
2018-08-10 16:31:44.256837;6;27.11;27.34;1017.1030000000001;11
2018-08-10 16:31:44.492161;7;27.08;27.84;1017.198;11
2018-08-10 16:31:44.726850;8;27.17;26.97;1017.1930000000001;11
2018-08-10 16:31:44.961389;9;27.47;28.58;1017.246;11
2018-08-10 16:31:45.195433;10;27.38;27.66;1017.15;11
2018-08-10 16:31:45.430972;11;26.76;28.09;1017.25;11
2018-08-10 16:31:45.764779;1;27.27;27.28;1017.142;12
2018-08-10 16:31:46.000332;2;27.31;27.75;1017.322;12
2018-08-10 16:31:46.234494;3;27.42;27.16;1017.265;12
2018-08-10 16:31:46.468697;4;27.53;26.92;1017.259;12
2018-08-10 16:31:46.703179;5;27.46;27.6;1017.4100000000001;12
2018-08-10 16:31:46.938003;6;27.09;27.26;1017.173;12
2018-08-10 16:31:47.172918;7;27.07;27.76;1017.218;12
2018-08-10 16:31:47.408232;8;27.16;26.87;1017.2230000000001;12
2018-08-10 16:31:47.917519;9;27.45;28.46;1017.256;12
2018-08-10 16:31:48.152045;10;27.37;27.53;1017.15;12
2018-08-10 16:31:48.387709;11;26.74;27.98;1017.23;12
2018-08-10 16:31:48.721309;1;27.26;27.19;1017.202;13
2018-08-10 16:31:48.956165;2;27.29;27.64;1017.332;13
2018-08-10 16:31:49.191383;3;27.4;27.03;1017.265;13
2018-08-10 16:31:49.426331;4;27.51;26.81;1017.279;13
2018-08-10 16:31:49.660438;5;27.44;27.51;1017.4200000000001;13
2018-08-10 16:31:49.895438;6;27.08;27.13;1017.143;13
2018-08-10 16:31:50.129757;7;27.05;27.64;1017.198;13
2018-08-10 16:31:50.364552;8;27.15;26.77;1017.1930000000001;13
2018-08-10 16:31:50.599277;9;27.44;28.35;1017.266;13
2018-08-10 16:31:50.833822;10;27.36;27.44;1017.1700000000001;13
2018-08-10 16:31:51.067965;11;26.73;27.89;1017.29;13
2018-08-10 16:31:51.402550;1;27.24;27.09;1017.152;14
2018-08-10 16:31:51.637886;2;27.28;27.52;1017.302;14
2018-08-10 16:31:51.872857;3;27.39;26.96;1017.2950000000001;14
2018-08-10 16:31:52.106350;4;27.49;26.7;1017.309;14
2018-08-10 16:31:52.341173;5;27.43;27.38;1017.34;14
2018-08-10 16:31:52.575981;6;27.06;27.06;1017.133;14
2018-08-10 16:31:52.811085;7;27.04;27.53;1017.2280000000001;14
2018-08-10 16:31:53.044919;8;27.12;26.67;1017.2230000000001;14
2018-08-10 16:31:53.280807;9;27.42;28.26;1017.236;14
2018-08-10 16:31:53.515273;10;27.34;27.34;1017.14;14
2018-08-10 16:31:53.750090;11;26.71;27.79;1017.3;14
2018-08-10 16:31:54.083476;1;27.23;26.98;1017.152;15
2018-08-10 16:31:54.318596;2;27.26;27.44;1017.2819999999999;15
2018-08-10 16:31:54.552950;3;27.37;26.85;1017.3050000000001;15
2018-08-10 16:31:54.787591;4;27.48;26.62;1017.349;15
2018-08-10 16:31:55.022740;5;27.41;27.32;1017.4100000000001;15
2018-08-10 16:31:55.256932;6;27.04;26.93;1017.0930000000001;15
2018-08-10 16:31:55.491341;7;27.02;27.45;1017.188;15
2018-08-10 16:31:55.726191;8;27.11;26.58;1017.2030000000001;15
2018-08-10 16:31:55.960642;9;27.41;28.16;1017.2860000000001;15
2018-08-10 16:31:56.195461;10;27.32;27.24;1017.19;15
2018-08-10 16:31:56.429957;11;26.68;27.71;1017.26;15
2018-08-10 16:31:56.765404;1;27.21;26.9;1017.172;16
2018-08-10 16:31:56.999924;2;27.25;27.31;1017.382;16
2018-08-10 16:31:57.235427;3;27.35;26.75;1017.2850000000001;16
2018-08-10 16:31:57.468966;4;27.45;26.52;1017.339;16
2018-08-10 16:31:57.703769;5;27.4;27.18;1017.34;16
2018-08-10 16:31:57.937835;6;27.02;26.87;1017.153;16
2018-08-10 16:31:58.172978;7;27.0;27.29;1017.248;16
2018-08-10 16:31:58.407747;8;27.08;26.49;1017.2330000000001;16
2018-08-10 16:31:58.642845;9;27.38;28.08;1017.246;16
2018-08-10 16:31:58.877421;10;27.31;27.14;1017.1800000000001;16
2018-08-10 16:31:59.111878;11;26.67;27.61;1017.32;16
2018-08-10 16:31:59.445708;1;27.2;26.76;1017.172;17
2018-08-10 16:31:59.680544;2;27.24;27.24;1017.372;17
2018-08-10 16:31:59.915041;3;27.34;26.66;1017.225;17
2018-08-10 16:32:00.150586;4;27.43;26.42;1017.399;17
2018-08-10 16:32:00.384239;5;27.38;27.12;1017.44;17
2018-08-10 16:32:00.619127;6;27.01;26.76;1017.113;17
2018-08-10 16:32:00.855087;7;26.99;27.26;1017.178;17
2018-08-10 16:32:01.088894;8;27.07;26.39;1017.1830000000001;17
2018-08-10 16:32:01.323638;9;27.37;27.96;1017.236;17
2018-08-10 16:32:01.558109;10;27.29;27.04;1017.16;17
2018-08-10 16:32:01.792190;11;26.65;27.53;1017.32;17
2018-08-10 16:32:02.126937;1;27.18;26.69;1017.142;18
2018-08-10 16:32:02.362418;2;27.21;27.15;1017.322;18
2018-08-10 16:32:02.596683;3;27.32;26.55;1017.3050000000001;18
2018-08-10 16:32:02.830687;4;27.42;26.33;1017.289;18
2018-08-10 16:32:03.066665;5;27.36;27.04;1017.48;18
2018-08-10 16:32:03.299970;6;26.99;26.66;1017.163;18
2018-08-10 16:32:03.535414;7;26.97;27.16;1017.178;18
2018-08-10 16:32:03.769343;8;27.05;26.3;1017.1930000000001;18
2018-08-10 16:32:04.005867;9;27.35;27.87;1017.316;18
2018-08-10 16:32:04.239375;10;27.28;26.94;1017.1700000000001;18
2018-08-10 16:32:04.474045;11;26.63;27.44;1017.29;18
2018-08-10 16:32:04.807892;1;27.17;26.6;1017.152;19
2018-08-10 16:32:05.043088;2;27.2;27.04;1017.332;19
2018-08-10 16:32:05.277412;3;27.31;26.45;1017.315;19
2018-08-10 16:32:05.512852;4;27.4;26.24;1017.369;19
2018-08-10 16:32:05.746458;5;27.34;26.94;1017.4100000000001;19
2018-08-10 16:32:05.981591;6;26.98;26.58;1017.143;19
2018-08-10 16:32:06.215735;7;26.95;27.06;1017.188;19
2018-08-10 16:32:06.450547;8;27.03;26.21;1017.2130000000001;19
2018-08-10 16:32:06.685600;9;27.34;27.78;1017.356;19
2018-08-10 16:32:06.919522;10;27.26;26.84;1017.1800000000001;19
2018-08-10 16:32:07.154342;11;26.61;27.34;1017.27;19
2018-08-10 16:32:07.489126;1;27.16;26.5;1017.192;20
2018-08-10 16:32:07.724498;2;27.18;26.95;1017.332;20
2018-08-10 16:32:07.959667;3;27.29;26.37;1017.2850000000001;20
2018-08-10 16:32:08.193864;4;27.39;26.15;1017.379;20
2018-08-10 16:32:08.428212;5;27.33;26.85;1017.36;20
2018-08-10 16:32:08.662945;6;26.96;26.47;1017.123;20
2018-08-10 16:32:08.896993;7;26.93;26.99;1017.268;20
2018-08-10 16:32:09.132209;8;27.01;26.13;1017.2130000000001;20
2018-08-10 16:32:09.366282;9;27.32;27.7;1017.266;20
2018-08-10 16:32:09.601928;10;27.24;26.75;1017.19;20
2018-08-10 16:32:09.835591;11;26.59;27.26;1017.27;20
2018-08-10 16:32:10.170655;1;27.14;26.42;1017.1320000000001;21
2018-08-10 16:32:10.405496;2;27.16;26.84;1017.242;21
2018-08-10 16:32:10.639437;3;27.27;26.29;1017.2750000000001;21
2018-08-10 16:32:10.874182;4;27.36;26.06;1017.319;21
2018-08-10 16:32:11.108667;5;27.31;26.75;1017.4100000000001;21
2018-08-10 16:32:11.343433;6;26.94;26.41;1017.133;21
2018-08-10 16:32:11.578680;7;26.92;26.84;1017.208;21
2018-08-10 16:32:11.812793;8;26.99;26.03;1017.253;21
2018-08-10 16:32:12.047223;9;27.3;27.59;1017.276;21
2018-08-10 16:32:12.282155;10;27.23;26.66;1017.15;21
2018-08-10 16:32:12.517416;11;26.58;27.18;1017.27;21
2018-08-10 16:32:12.851322;1;27.12;26.32;1017.172;22
2018-08-10 16:32:13.086315;2;27.15;26.79;1017.352;22
2018-08-10 16:32:13.321453;3;27.25;26.2;1017.3050000000001;22
2018-08-10 16:32:13.555468;4;27.34;25.97;1017.309;22
2018-08-10 16:32:13.789948;5;27.29;26.67;1017.4100000000001;22
2018-08-10 16:32:14.024900;6;26.93;26.29;1017.163;22
2018-08-10 16:32:14.259776;7;26.9;26.8;1017.248;22
2018-08-10 16:32:14.493638;8;26.97;25.96;1017.173;22
2018-08-10 16:32:14.728522;9;27.28;27.51;1017.256;22
2018-08-10 16:32:14.963491;10;27.21;26.58;1017.24;22
2018-08-10 16:32:15.197771;11;26.55;27.08;1017.28;22
2018-08-10 16:32:15.532213;1;27.11;26.22;1017.172;23
2018-08-10 16:32:15.768422;2;27.13;26.7;1017.3919999999999;23
2018-08-10 16:32:16.001502;3;27.24;26.09;1017.325;23
2018-08-10 16:32:16.236353;4;27.33;25.87;1017.369;23
2018-08-10 16:32:16.470875;5;27.28;26.56;1017.4200000000001;23
2018-08-10 16:32:16.706817;6;26.91;26.23;1017.153;23
2018-08-10 16:32:16.941041;7;26.88;26.71;1017.2280000000001;23
2018-08-10 16:32:17.175952;8;26.96;25.86;1017.2330000000001;23
2018-08-10 16:32:17.410177;9;27.27;27.41;1017.266;23
2018-08-10 16:32:17.645021;10;27.19;26.48;1017.14;23
2018-08-10 16:32:17.879293;11;26.53;27.0;1017.3;23
2018-08-10 16:32:18.213515;1;27.09;26.15;1017.2220000000001;24
2018-08-10 16:32:18.448383;2;27.11;26.59;1017.3919999999999;24
2018-08-10 16:32:18.682797;3;27.22;26.02;1017.365;24
2018-08-10 16:32:18.917621;4;27.31;25.8;1017.339;24
2018-08-10 16:32:19.152053;5;27.26;26.49;1017.44;24
2018-08-10 16:32:19.387431;6;26.89;26.11;1017.153;24
2018-08-10 16:32:19.621365;7;26.86;26.6;1017.238;24
2018-08-10 16:32:19.857849;8;26.94;25.79;1017.2030000000001;24
2018-08-10 16:32:20.091174;9;27.25;27.34;1017.336;24
2018-08-10 16:32:20.325476;10;27.18;26.39;1017.16;24
2018-08-10 16:32:20.559931;11;26.51;26.93;1017.3;24
2018-08-10 16:32:20.894760;1;27.08;26.05;1017.2120000000001;25
2018-08-10 16:32:21.130390;2;27.1;26.52;1017.352;25
2018-08-10 16:32:21.364958;3;27.2;25.94;1017.355;25
2018-08-10 16:32:21.599432;4;27.29;25.71;1017.269;25
2018-08-10 16:32:21.833856;5;27.25;26.39;1017.47;25
2018-08-10 16:32:22.068352;6;26.87;26.06;1017.153;25
2018-08-10 16:32:22.303392;7;26.84;26.54;1017.178;25
2018-08-10 16:32:22.538279;8;26.92;25.71;1017.2130000000001;25
2018-08-10 16:32:22.771895;9;27.23;27.25;1017.356;25
2018-08-10 16:32:23.006387;10;27.16;26.31;1017.11;25
2018-08-10 16:32:23.241193;11;26.49;26.84;1017.24;25
2018-08-10 16:32:23.575823;1;27.07;25.97;1017.162;26
2018-08-10 16:32:23.810614;2;27.08;26.41;1017.362;26
2018-08-10 16:32:24.045000;3;27.19;25.85;1017.3050000000001;26
2018-08-10 16:32:24.280834;4;27.29;25.63;1017.299;26
2018-08-10 16:32:24.515148;5;27.23;26.33;1017.36;26
2018-08-10 16:32:24.749869;6;26.84;25.94;1017.1030000000001;26
2018-08-10 16:32:24.983956;7;26.82;26.45;1017.188;26
2018-08-10 16:32:25.218720;8;26.9;25.63;1017.1930000000001;26
2018-08-10 16:32:25.454099;9;27.22;27.16;1017.256;26
2018-08-10 16:32:25.688200;10;27.15;26.22;1017.13;26
2018-08-10 16:32:25.923016;11;26.48;26.76;1017.26;26
2018-08-10 16:32:26.257734;1;27.05;25.84;1017.152;27
2018-08-10 16:32:26.491826;2;27.06;26.35;1017.352;27
2018-08-10 16:32:26.726259;3;27.17;25.76;1017.2950000000001;27
2018-08-10 16:32:26.961379;4;27.26;25.53;1017.319;27
2018-08-10 16:32:27.195502;5;27.22;26.21;1017.38;27
2018-08-10 16:32:27.430003;6;26.83;25.89;1017.0930000000001;27
2018-08-10 16:32:27.664484;7;26.81;26.36;1017.208;27
2018-08-10 16:32:27.899257;8;26.88;25.53;1017.1930000000001;27
2018-08-10 16:32:28.134100;9;27.2;27.09;1017.266;27
2018-08-10 16:32:28.368949;10;27.14;26.14;1017.14;27
2018-08-10 16:32:28.603661;11;26.46;26.66;1017.25;27
2018-08-10 16:32:28.937848;1;27.03;25.79;1017.162;28
2018-08-10 16:32:29.173005;2;27.04;26.26;1017.342;28
2018-08-10 16:32:29.407711;3;27.15;25.68;1017.2850000000001;28
2018-08-10 16:32:29.642302;4;27.25;25.46;1017.279;28
2018-08-10 16:32:29.877048;5;27.2;26.16;1017.4200000000001;28
2018-08-10 16:32:30.111508;6;26.81;25.79;1017.0830000000001;28
2018-08-10 16:32:30.346841;7;26.79;26.29;1017.188;28
2018-08-10 16:32:30.581003;8;26.86;25.45;1017.153;28
2018-08-10 16:32:30.815391;9;27.19;26.99;1017.256;28
2018-08-10 16:32:31.049551;10;27.12;26.06;1017.15;28
2018-08-10 16:32:31.284571;11;26.44;26.59;1017.22;28
2018-08-10 16:32:31.618790;1;27.02;25.72;1017.182;29
2018-08-10 16:32:31.854798;2;27.03;26.18;1017.322;29
2018-08-10 16:32:32.088082;3;27.13;25.6;1017.2850000000001;29
2018-08-10 16:32:32.322881;4;27.23;25.37;1017.289;29
2018-08-10 16:32:32.557393;5;27.19;26.04;1017.4100000000001;29
2018-08-10 16:32:32.792155;6;26.8;25.74;1017.1030000000001;29
2018-08-10 16:32:33.027607;7;26.77;26.18;1017.128;29
2018-08-10 16:32:33.261708;8;26.84;25.37;1017.143;29
2018-08-10 16:32:33.496916;9;27.16;26.92;1017.196;29
2018-08-10 16:32:33.731555;10;27.11;25.97;1017.13;29
2018-08-10 16:32:33.965768;11;26.43;26.52;1017.23;29
2018-08-10 16:32:34.300016;1;27.0;25.61;1017.162;30
2018-08-10 16:32:34.534514;2;27.01;26.11;1017.322;30
2018-08-10 16:32:34.770262;3;27.12;25.5;1017.2750000000001;30
2018-08-10 16:32:35.003843;4;27.21;25.31;1017.299;30
2018-08-10 16:32:35.238617;5;27.17;25.99;1017.38;30
2018-08-10 16:32:35.473085;6;26.78;25.67;1017.0830000000001;30
2018-08-10 16:32:35.707952;7;26.76;26.12;1017.198;30
2018-08-10 16:32:35.942420;8;26.82;25.3;1017.173;30
2018-08-10 16:32:36.177215;9;27.15;26.84;1017.226;30
2018-08-10 16:32:36.411676;10;27.09;25.89;1017.14;30
2018-08-10 16:32:36.646539;11;26.4;26.44;1017.26;30
2018-08-10 16:32:36.980964;1;26.99;25.55;1017.162;31
2018-08-10 16:32:37.215771;2;26.99;26.01;1017.312;31
2018-08-10 16:32:37.450273;3;27.1;25.44;1017.315;31
2018-08-10 16:32:37.686142;4;27.2;25.22;1017.299;31
2018-08-10 16:32:37.920167;5;27.15;25.89;1017.4000000000001;31
2018-08-10 16:32:38.155276;6;26.76;25.58;1017.0830000000001;31
2018-08-10 16:32:38.389479;7;26.74;26.04;1017.2280000000001;31
2018-08-10 16:32:38.623975;8;26.8;25.23;1017.163;31
2018-08-10 16:32:38.858482;9;27.13;26.77;1017.206;31
2018-08-10 16:32:39.093069;10;27.08;25.81;1017.14;31
2018-08-10 16:32:39.327466;11;26.39;26.37;1017.18;31
2018-08-10 16:32:39.662238;1;26.98;25.46;1017.172;32
2018-08-10 16:32:39.896734;2;26.98;25.96;1017.342;32
2018-08-10 16:32:40.131518;3;27.09;25.37;1017.325;32
2018-08-10 16:32:40.366092;4;27.18;25.15;1017.269;32
2018-08-10 16:32:40.600823;5;27.13;25.84;1017.44;32
2018-08-10 16:32:40.835321;6;26.74;25.5;1017.163;32
2018-08-10 16:32:41.070109;7;26.73;25.95;1017.248;32
2018-08-10 16:32:41.304592;8;26.79;25.14;1017.133;32
2018-08-10 16:32:41.540431;9;27.12;26.67;1017.236;32
2018-08-10 16:32:41.775937;10;27.06;25.73;1017.15;32
2018-08-10 16:32:42.009651;11;26.37;26.3;1017.22;32
2018-08-10 16:32:42.343166;1;26.96;25.38;1017.182;33
2018-08-10 16:32:42.578485;2;26.97;25.87;1017.372;33
2018-08-10 16:32:42.813027;3;27.07;25.28;1017.2950000000001;33
2018-08-10 16:32:43.048021;4;27.16;25.06;1017.309;33
2018-08-10 16:32:43.282500;5;27.13;25.72;1017.4300000000001;33
2018-08-10 16:32:43.516584;6;26.72;25.4;1017.123;33
2018-08-10 16:32:43.751050;7;26.71;25.88;1017.238;33
2018-08-10 16:32:43.985846;8;26.77;25.08;1017.163;33
2018-08-10 16:32:44.220340;9;27.1;26.6;1017.2860000000001;33
2018-08-10 16:32:44.455141;10;27.05;25.65;1017.14;33
2018-08-10 16:32:44.689618;11;26.36;26.21;1017.26;33
2018-08-10 16:32:45.024427;1;26.94;25.3;1017.142;34
2018-08-10 16:32:45.260015;2;26.95;25.78;1017.302;34
2018-08-10 16:32:45.493735;3;27.05;25.21;1017.2850000000001;34
2018-08-10 16:32:45.728279;4;27.14;24.99;1017.319;34
2018-08-10 16:32:45.963848;5;27.11;25.67;1017.37;34
2018-08-10 16:32:46.198225;6;26.71;25.34;1017.113;34
2018-08-10 16:32:46.432791;7;26.69;25.76;1017.188;34
2018-08-10 16:32:46.667930;8;26.74;25.01;1017.1930000000001;34
2018-08-10 16:32:46.902058;9;27.08;26.53;1017.306;34
2018-08-10 16:32:47.136065;10;27.03;25.56;1017.12;34
2018-08-10 16:32:47.370855;11;26.33;26.14;1017.26;34
2018-08-10 16:32:47.705348;1;26.93;25.22;1017.152;35
2018-08-10 16:32:47.940181;2;26.92;25.72;1017.4019999999999;35
2018-08-10 16:32:48.174673;3;27.04;25.13;1017.335;35
2018-08-10 16:32:48.409444;4;27.13;24.92;1017.299;35
2018-08-10 16:32:48.643940;5;27.09;25.56;1017.3900000000001;35
2018-08-10 16:32:48.878750;6;26.69;25.26;1017.0830000000001;35
2018-08-10 16:32:49.113241;7;26.68;25.73;1017.198;35
2018-08-10 16:32:49.349313;8;26.73;24.95;1017.153;35
2018-08-10 16:32:49.583586;9;27.06;26.45;1017.246;35
2018-08-10 16:32:49.818320;10;27.0;25.49;1017.15;35
2018-08-10 16:32:50.052711;11;26.32;26.07;1017.25;35
2018-08-10 16:32:50.387462;1;26.91;25.14;1017.152;36
2018-08-10 16:32:50.621637;2;26.91;25.63;1017.332;36
2018-08-10 16:32:50.856962;3;27.02;25.04;1017.2950000000001;36
2018-08-10 16:32:51.090528;4;27.11;24.84;1017.289;36
2018-08-10 16:32:51.325200;5;27.08;25.54;1017.4000000000001;36
2018-08-10 16:32:51.560174;6;26.67;25.2;1017.143;36
2018-08-10 16:32:51.794476;7;26.66;25.66;1017.2280000000001;36
2018-08-10 16:32:52.028968;8;26.71;24.86;1017.173;36
2018-08-10 16:32:52.264251;9;27.04;26.37;1017.266;36
2018-08-10 16:32:52.498228;10;27.0;25.41;1017.16;36
2018-08-10 16:32:52.733045;11;26.3;26.0;1017.24;36
2018-08-10 16:32:53.067527;1;26.89;25.05;1017.1320000000001;37
2018-08-10 16:32:53.302392;2;26.9;25.57;1017.362;37
2018-08-10 16:32:53.537866;3;27.0;24.97;1017.325;37
2018-08-10 16:32:53.774417;4;27.09;24.76;1017.3290000000001;37
2018-08-10 16:32:54.007159;5;27.06;25.45;1017.37;37
2018-08-10 16:32:54.241695;6;26.66;25.09;1017.163;37
2018-08-10 16:32:54.476027;7;26.64;25.57;1017.158;37
2018-08-10 16:32:54.710199;8;26.69;24.79;1017.253;37
2018-08-10 16:32:54.945343;9;27.02;26.29;1017.216;37
2018-08-10 16:32:55.180202;10;26.98;25.34;1017.1800000000001;37
2018-08-10 16:32:55.414587;11;26.28;25.91;1017.22;37
2018-08-10 16:32:55.748779;1;26.88;24.99;1017.1220000000001;38
2018-08-10 16:32:55.983296;2;26.88;25.49;1017.3919999999999;38
2018-08-10 16:32:56.218121;3;26.98;24.89;1017.2950000000001;38
2018-08-10 16:32:56.453129;4;27.08;24.69;1017.339;38
2018-08-10 16:32:56.687363;5;27.04;25.37;1017.36;38
2018-08-10 16:32:56.921844;6;26.64;25.03;1017.173;38
2018-08-10 16:32:57.156666;7;26.62;25.51;1017.248;38
2018-08-10 16:32:57.391119;8;26.68;24.7;1017.1930000000001;38
2018-08-10 16:32:57.625936;9;27.01;26.22;1017.276;38
2018-08-10 16:32:57.861501;10;26.97;25.26;1017.16;38
2018-08-10 16:32:58.095807;11;26.26;25.83;1017.25;38
2018-08-10 16:32:58.429723;1;26.85;24.91;1017.172;39
2018-08-10 16:32:58.665291;2;26.86;25.38;1017.342;39
2018-08-10 16:32:58.899695;3;26.96;24.82;1017.335;39
2018-08-10 16:32:59.134256;4;27.05;24.6;1017.309;39
2018-08-10 16:32:59.368570;5;27.02;25.29;1017.4000000000001;39
2018-08-10 16:32:59.603118;6;26.62;24.93;1017.123;39
2018-08-10 16:32:59.837581;7;26.61;25.38;1017.238;39
2018-08-10 16:33:00.072424;8;26.65;24.63;1017.2130000000001;39
2018-08-10 16:33:00.306881;9;26.99;26.13;1017.266;39
2018-08-10 16:33:00.542617;10;26.94;25.17;1017.14;39
2018-08-10 16:33:01.198668;11;26.25;25.76;1017.2;39
2018-08-10 16:33:01.533197;1;26.84;24.81;1017.202;40
2018-08-10 16:33:01.769057;2;26.85;25.31;1017.342;40
2018-08-10 16:33:02.002467;3;26.95;24.72;1017.315;40
2018-08-10 16:33:02.238828;4;27.03;24.53;1017.279;40
2018-08-10 16:33:02.472365;5;27.0;25.22;1017.4000000000001;40
2018-08-10 16:33:02.707259;6;26.6;24.87;1017.133;40
2018-08-10 16:33:02.942266;7;26.58;25.35;1017.208;40
2018-08-10 16:33:03.176128;8;26.63;24.56;1017.1830000000001;40
2018-08-10 16:33:03.410941;9;26.97;26.04;1017.206;40
2018-08-10 16:33:03.645365;10;26.93;25.1;1017.13;40
2018-08-10 16:33:03.880176;11;26.23;25.68;1017.28;40
2018-08-10 16:33:04.214065;1;26.82;24.75;1017.142;41
2018-08-10 16:33:04.449024;2;26.83;25.23;1017.332;41
2018-08-10 16:33:04.683378;3;26.92;24.66;1017.315;41
2018-08-10 16:33:04.918245;4;27.01;24.46;1017.269;41
2018-08-10 16:33:05.152716;5;26.99;25.11;1017.4200000000001;41
2018-08-10 16:33:05.387499;6;26.58;24.8;1017.133;41
2018-08-10 16:33:05.623637;7;26.57;25.28;1017.198;41
2018-08-10 16:33:05.857770;8;26.61;24.48;1017.1830000000001;41
2018-08-10 16:33:06.092096;9;26.95;25.98;1017.266;41
2018-08-10 16:33:06.326752;10;26.91;25.01;1017.13;41
2018-08-10 16:33:06.561415;11;26.21;25.62;1017.28;41
2018-08-10 16:33:06.895356;1;26.79;24.67;1017.172;42
2018-08-10 16:33:07.129850;2;26.82;25.17;1017.362;42
2018-08-10 16:33:07.364651;3;26.91;24.59;1017.385;42
2018-08-10 16:33:07.599487;4;27.0;24.4;1017.359;42
2018-08-10 16:33:07.833982;5;26.97;25.06;1017.37;42
2018-08-10 16:33:08.068469;6;26.57;24.74;1017.123;42
2018-08-10 16:33:08.303275;7;26.55;25.21;1017.2280000000001;42
2018-08-10 16:33:08.537711;8;26.6;24.42;1017.1930000000001;42
2018-08-10 16:33:08.773519;9;26.94;25.91;1017.266;42
2018-08-10 16:33:09.007634;10;26.89;24.96;1017.13;42
2018-08-10 16:33:09.242534;11;26.2;25.56;1017.26;42
2018-08-10 16:33:09.577019;1;26.79;24.62;1017.182;43
2018-08-10 16:33:09.812141;2;26.8;25.08;1017.352;43
2018-08-10 16:33:10.046354;3;26.89;24.53;1017.245;43
2018-08-10 16:33:10.281489;4;26.98;24.32;1017.249;43
2018-08-10 16:33:10.516144;5;26.96;25.0;1017.4100000000001;43
2018-08-10 16:33:10.750178;6;26.56;24.66;1017.163;43
2018-08-10 16:33:10.984482;7;26.54;25.13;1017.188;43
2018-08-10 16:33:11.220046;8;26.58;24.36;1017.143;43
2018-08-10 16:33:11.453522;9;26.93;25.84;1017.266;43
2018-08-10 16:33:11.688713;10;26.88;24.89;1017.1;43
2018-08-10 16:33:11.922715;11;26.18;25.49;1017.29;43
2018-08-10 16:33:12.257561;1;26.78;24.52;1017.172;44
2018-08-10 16:33:12.492000;2;26.79;25.04;1017.352;44
2018-08-10 16:33:12.726837;3;26.87;24.46;1017.2950000000001;44
2018-08-10 16:33:12.961325;4;26.96;24.25;1017.239;44
2018-08-10 16:33:13.196173;5;26.94;24.94;1017.4100000000001;44
2018-08-10 16:33:13.431669;6;26.53;24.61;1017.1030000000001;44
2018-08-10 16:33:13.666442;7;26.52;25.04;1017.188;44
2018-08-10 16:33:13.900552;8;26.56;24.3;1017.2030000000001;44
2018-08-10 16:33:14.135443;9;26.91;25.77;1017.266;44
2018-08-10 16:33:14.369741;10;26.86;24.82;1017.13;44
2018-08-10 16:33:14.604464;11;26.16;25.43;1017.25;44
2018-08-10 16:33:14.938441;1;26.76;24.47;1017.182;45
2018-08-10 16:33:15.173301;2;26.77;24.98;1017.342;45
2018-08-10 16:33:15.408366;3;26.86;24.4;1017.2750000000001;45
2018-08-10 16:33:15.643348;4;26.94;24.19;1017.3290000000001;45
2018-08-10 16:33:15.877615;5;26.93;24.87;1017.4100000000001;45
2018-08-10 16:33:16.111934;6;26.51;24.53;1017.113;45
2018-08-10 16:33:16.346341;7;26.49;25.0;1017.218;45
2018-08-10 16:33:16.581182;8;26.54;24.23;1017.173;45
2018-08-10 16:33:16.815648;9;26.89;25.71;1017.236;45
2018-08-10 16:33:17.050462;10;26.85;24.75;1017.11;45
2018-08-10 16:33:17.284921;11;26.15;25.35;1017.25;45
2018-08-10 16:33:17.619748;1;26.75;24.4;1017.1220000000001;46
2018-08-10 16:33:17.854357;2;26.76;24.89;1017.372;46
2018-08-10 16:33:18.089737;3;26.84;24.31;1017.315;46
2018-08-10 16:33:18.324051;4;26.92;24.12;1017.259;46
2018-08-10 16:33:18.559398;5;26.92;24.78;1017.4300000000001;46
2018-08-10 16:33:18.793636;6;26.5;24.47;1017.163;46
2018-08-10 16:33:19.027851;7;26.48;24.94;1017.2280000000001;46
2018-08-10 16:33:19.262147;8;26.53;24.17;1017.2130000000001;46
2018-08-10 16:33:19.497346;9;26.87;25.64;1017.266;46
2018-08-10 16:33:19.731350;10;26.84;24.69;1017.15;46
2018-08-10 16:33:19.966173;11;26.13;25.3;1017.26;46
2018-08-10 16:33:20.300658;1;26.72;24.34;1017.192;47
2018-08-10 16:33:20.809515;2;26.74;24.85;1017.342;47
2018-08-10 16:33:21.045135;3;26.82;24.25;1017.2750000000001;47
2018-08-10 16:33:21.279992;4;26.91;24.06;1017.309;47
2018-08-10 16:33:21.514105;5;26.9;24.73;1017.4200000000001;47
2018-08-10 16:33:21.748815;6;26.49;24.37;1017.133;47
2018-08-10 16:33:21.982790;7;26.47;24.85;1017.198;47
2018-08-10 16:33:22.217395;8;26.51;24.09;1017.143;47
2018-08-10 16:33:22.452704;9;26.86;25.58;1017.266;47
2018-08-10 16:33:22.686728;10;26.82;24.61;1017.12;47
2018-08-10 16:33:22.921161;11;26.11;25.22;1017.27;47
2018-08-10 16:33:23.256013;1;26.71;24.27;1017.2220000000001;48
2018-08-10 16:33:23.490484;2;26.71;24.73;1017.332;48
2018-08-10 16:33:23.725251;3;26.81;24.19;1017.265;48
2018-08-10 16:33:23.959816;4;26.89;23.99;1017.269;48
2018-08-10 16:33:24.195181;5;26.88;24.65;1017.44;48
2018-08-10 16:33:24.430013;6;26.47;24.33;1017.123;48
2018-08-10 16:33:24.665146;7;26.44;24.8;1017.188;48
2018-08-10 16:33:24.899077;8;26.49;24.02;1017.163;48
2018-08-10 16:33:25.133684;9;26.84;25.51;1017.346;48
2018-08-10 16:33:25.368613;10;26.8;24.55;1017.14;48
2018-08-10 16:33:25.603112;11;26.1;25.15;1017.27;48
2018-08-10 16:33:25.936896;1;26.69;24.19;1017.162;49
2018-08-10 16:33:26.172368;2;26.7;24.71;1017.362;49
2018-08-10 16:33:26.406627;3;26.79;24.12;1017.255;49
2018-08-10 16:33:26.641352;4;26.87;23.92;1017.299;49
2018-08-10 16:33:26.875499;5;26.87;24.6;1017.4000000000001;49
2018-08-10 16:33:27.110336;6;26.45;24.24;1017.0930000000001;49
2018-08-10 16:33:27.344792;7;26.43;24.7;1017.218;49
2018-08-10 16:33:27.579587;8;26.47;23.97;1017.143;49
2018-08-10 16:33:27.814072;9;26.82;25.45;1017.2860000000001;49
2018-08-10 16:33:28.048891;10;26.79;24.48;1017.13;49
2018-08-10 16:33:28.284013;11;26.08;25.08;1017.23;49
2018-08-10 16:33:28.618152;1;26.68;24.14;1017.152;50
2018-08-10 16:33:28.853744;2;26.68;24.64;1017.332;50
2018-08-10 16:33:29.088259;3;26.78;24.06;1017.265;50
2018-08-10 16:33:29.322479;4;26.86;23.87;1017.309;50
2018-08-10 16:33:29.557548;5;26.85;24.5;1017.4200000000001;50
2018-08-10 16:33:29.791263;6;26.44;24.2;1017.0930000000001;50
2018-08-10 16:33:30.026043;7;26.41;24.66;1017.188;50
2018-08-10 16:33:30.260828;8;26.45;23.9;1017.2330000000001;50
2018-08-10 16:33:30.495770;9;26.8;25.39;1017.2860000000001;50
2018-08-10 16:33:30.730267;10;26.77;24.42;1017.14;50
2018-08-10 16:33:31.299351;1;26.67;24.08;1017.192;51
2018-08-10 16:33:31.533939;2;26.67;24.57;1017.302;51
2018-08-10 16:33:31.768546;3;26.76;24.0;1017.2950000000001;51
2018-08-10 16:33:32.003208;4;26.84;23.8;1017.289;51
2018-08-10 16:33:32.239577;5;26.83;24.48;1017.3900000000001;51
2018-08-10 16:33:32.472516;6;26.43;24.11;1017.163;51
2018-08-10 16:33:32.709214;7;26.4;24.59;1017.178;51
2018-08-10 16:33:32.942518;8;26.44;23.83;1017.163;51
2018-08-10 16:33:33.177125;9;26.79;25.32;1017.256;51
2018-08-10 16:33:33.411853;10;26.76;24.36;1017.16;51
2018-08-10 16:33:33.646495;11;26.05;24.97;1017.24;51
2018-08-10 16:33:33.981367;1;26.65;24.0;1017.172;52
2018-08-10 16:33:34.215581;2;26.65;24.52;1017.322;52
2018-08-10 16:33:34.449652;3;26.74;23.91;1017.3050000000001;52
2018-08-10 16:33:34.684126;4;26.82;23.73;1017.339;52
2018-08-10 16:33:34.918974;5;26.82;24.39;1017.37;52
2018-08-10 16:33:35.153450;6;26.41;24.07;1017.113;52
2018-08-10 16:33:35.388294;7;26.38;24.53;1017.168;52
2018-08-10 16:33:35.622706;8;26.42;23.77;1017.1930000000001;52
2018-08-10 16:33:35.858455;9;26.77;25.26;1017.266;52
2018-08-10 16:33:36.092763;10;26.74;24.29;1017.13;52
2018-08-10 16:33:36.328164;11;26.03;24.9;1017.22;52
2018-08-10 16:33:36.661308;1;26.64;23.96;1017.172;53
2018-08-10 16:33:36.896647;2;26.64;24.41;1017.342;53
2018-08-10 16:33:37.131332;3;26.73;23.88;1017.2850000000001;53
2018-08-10 16:33:37.366299;4;26.81;23.66;1017.339;53
2018-08-10 16:33:37.599883;5;26.8;24.34;1017.4000000000001;53
2018-08-10 16:33:37.834959;6;26.39;23.96;1017.143;53
2018-08-10 16:33:38.069165;7;26.37;24.47;1017.218;53
2018-08-10 16:33:38.303985;8;26.4;23.7;1017.2130000000001;53
2018-08-10 16:33:38.538444;9;26.76;25.19;1017.276;53
2018-08-10 16:33:38.774334;10;26.73;24.22;1017.16;53
2018-08-10 16:33:39.007734;11;26.01;24.84;1017.29;53
2018-08-10 16:33:39.342520;1;26.62;23.86;1017.162;54
2018-08-10 16:33:39.578245;2;26.62;24.38;1017.372;54
2018-08-10 16:33:39.812842;3;26.72;23.79;1017.3050000000001;54
2018-08-10 16:33:40.047440;4;26.79;23.6;1017.339;54
2018-08-10 16:33:40.281968;5;26.79;24.25;1017.4200000000001;54
2018-08-10 16:33:40.516390;6;26.37;23.94;1017.123;54
2018-08-10 16:33:40.751801;7;26.35;24.37;1017.188;54
2018-08-10 16:33:40.986068;8;26.38;23.66;1017.173;54
2018-08-10 16:33:41.220699;9;26.73;25.12;1017.236;54
2018-08-10 16:33:41.454183;10;26.71;24.15;1017.1800000000001;54
2018-08-10 16:33:41.689616;11;26.0;24.78;1017.26;54
2018-08-10 16:33:42.023498;1;26.61;23.79;1017.1320000000001;55
2018-08-10 16:33:42.258378;2;26.6;24.32;1017.342;55
2018-08-10 16:33:42.492778;3;26.69;23.72;1017.315;55
2018-08-10 16:33:42.727603;4;26.78;23.54;1017.3290000000001;55
2018-08-10 16:33:42.962050;5;26.78;24.21;1017.4100000000001;55
2018-08-10 16:33:43.196884;6;26.36;23.83;1017.123;55
2018-08-10 16:33:43.431399;7;26.34;24.34;1017.178;55
2018-08-10 16:33:43.667346;8;26.37;23.6;1017.173;55
2018-08-10 16:33:43.902181;9;26.72;25.06;1017.2860000000001;55
2018-08-10 16:33:44.136446;10;26.7;24.09;1017.16;55
2018-08-10 16:33:44.371191;11;25.98;24.71;1017.32;55
2018-08-10 16:33:44.704742;1;26.59;23.75;1017.172;56
2018-08-10 16:33:44.939203;2;26.59;24.24;1017.332;56
2018-08-10 16:33:45.174837;3;26.67;23.67;1017.2950000000001;56
2018-08-10 16:33:45.408497;4;26.76;23.49;1017.339;56
2018-08-10 16:33:45.643313;5;26.76;24.12;1017.4000000000001;56
2018-08-10 16:33:45.877800;6;26.35;23.82;1017.113;56
2018-08-10 16:33:46.112624;7;26.32;24.29;1017.238;56
2018-08-10 16:33:46.347200;8;26.34;23.53;1017.1930000000001;56
2018-08-10 16:33:46.581894;9;26.71;25.01;1017.256;56
2018-08-10 16:33:46.816368;10;26.68;24.03;1017.2;56
2018-08-10 16:33:47.052210;11;25.97;24.66;1017.24;56
2018-08-10 16:33:47.386782;1;26.58;23.69;1017.2120000000001;57
2018-08-10 16:33:47.621138;2;26.58;24.2;1017.4119999999999;57
2018-08-10 16:33:47.855807;3;26.66;23.62;1017.2950000000001;57
2018-08-10 16:33:48.090060;4;26.73;23.43;1017.349;57
2018-08-10 16:33:48.325147;5;26.75;24.09;1017.44;57
2018-08-10 16:33:48.558791;6;26.33;23.76;1017.133;57
2018-08-10 16:33:48.793570;7;26.31;24.22;1017.248;57
2018-08-10 16:33:49.027982;8;26.33;23.47;1017.173;57
2018-08-10 16:33:49.262834;9;26.69;24.95;1017.2860000000001;57
2018-08-10 16:33:49.497297;10;26.67;23.97;1017.14;57
2018-08-10 16:33:49.732092;11;25.96;24.6;1017.26;57
2018-08-10 16:33:50.066553;1;26.56;23.63;1017.202;58
2018-08-10 16:33:50.301439;2;26.56;24.11;1017.362;58
2018-08-10 16:33:50.536631;3;26.65;23.58;1017.355;58
2018-08-10 16:33:50.771823;4;26.72;23.38;1017.349;58
2018-08-10 16:33:51.005291;5;26.73;24.01;1017.4300000000001;58
2018-08-10 16:33:51.240748;6;26.31;23.71;1017.133;58
2018-08-10 16:33:51.475487;7;26.29;24.18;1017.268;58
2018-08-10 16:33:51.709937;8;26.31;23.44;1017.2130000000001;58
2018-08-10 16:33:51.945108;9;26.67;24.89;1017.256;58
2018-08-10 16:33:52.179028;10;26.66;23.91;1016.96;58
2018-08-10 16:33:52.413915;11;25.93;24.55;1017.5;58
2018-08-10 16:33:52.748482;1;26.54;23.57;1017.1120000000001;59
2018-08-10 16:33:52.982337;2;26.55;24.09;1017.352;59
2018-08-10 16:33:53.217144;3;26.64;23.49;1017.385;59
2018-08-10 16:33:53.451634;4;26.71;23.31;1017.299;59
2018-08-10 16:33:53.686450;5;26.72;23.98;1017.46;59
2018-08-10 16:33:53.920950;6;26.3;23.65;1017.143;59
2018-08-10 16:33:54.155827;7;26.28;24.09;1017.268;59
2018-08-10 16:33:54.390265;8;26.29;23.37;1017.173;59
2018-08-10 16:33:54.625993;9;26.66;24.83;1017.2860000000001;59
2018-08-10 16:33:54.860252;10;26.64;23.86;1017.16;59
2018-08-10 16:33:55.095126;11;25.91;24.49;1017.23;59
2018-08-10 16:33:55.428785;1;26.53;23.51;1017.192;60
2018-08-10 16:33:55.664289;2;26.53;24.02;1017.482;60
2018-08-10 16:33:55.899326;3;26.62;23.43;1017.325;60
2018-08-10 16:33:56.133604;4;26.69;23.26;1017.309;60
2018-08-10 16:33:56.367871;5;26.71;23.9;1017.47;60
2018-08-10 16:33:56.602165;6;26.28;23.59;1017.143;60
2018-08-10 16:33:56.836669;7;26.26;24.07;1017.218;60
2018-08-10 16:33:57.071593;8;26.28;23.31;1017.1930000000001;60
2018-08-10 16:33:57.305949;9;26.64;24.78;1017.226;60
2018-08-10 16:33:57.540749;10;26.63;23.8;1017.1800000000001;60
2018-08-10 16:33:57.776197;11;25.9;24.43;1017.28;60
2018-08-10 16:33:58.111200;1;26.51;23.45;1017.172;61
2018-08-10 16:33:58.344509;2;26.52;23.96;1017.332;61
2018-08-10 16:33:58.580183;3;26.6;23.38;1017.355;61
2018-08-10 16:33:58.814725;4;26.68;23.2;1017.289;61
2018-08-10 16:33:59.049965;5;26.68;23.88;1017.1800000000001;61
2018-08-10 16:33:59.283841;6;26.27;23.54;1017.0830000000001;61
2018-08-10 16:33:59.518501;7;26.24;23.97;1017.2280000000001;61
2018-08-10 16:33:59.753733;8;26.26;23.27;1017.173;61
2018-08-10 16:33:59.987778;9;26.63;24.72;1017.216;61
2018-08-10 16:34:00.221672;10;26.61;23.75;1017.12;61
2018-08-10 16:34:00.456930;11;25.88;24.37;1017.25;61
2018-08-10 16:34:00.790946;1;26.5;23.4;1017.2320000000001;62
2018-08-10 16:34:01.025770;2;26.5;23.9;1017.362;62
2018-08-10 16:34:01.260248;3;26.59;23.31;1017.315;62
2018-08-10 16:34:01.495113;4;26.66;23.14;1017.319;62
2018-08-10 16:34:01.730063;5;26.67;23.77;1017.4100000000001;62
2018-08-10 16:34:01.966358;6;26.25;23.47;1017.143;62
2018-08-10 16:34:02.199819;7;26.22;23.92;1017.238;62
2018-08-10 16:34:02.434365;8;26.25;23.19;1017.1830000000001;62
2018-08-10 16:34:02.669374;9;26.61;24.64;1017.266;62
2018-08-10 16:34:02.902630;10;26.6;23.66;1017.2;62
2018-08-10 16:34:03.137469;11;25.87;24.3;1017.23;62
2018-08-10 16:34:03.471880;1;26.49;23.33;1017.192;63
2018-08-10 16:34:03.707122;2;26.49;23.81;1017.4119999999999;63
2018-08-10 16:34:03.941198;3;26.57;23.24;1017.335;63
2018-08-10 16:34:04.176020;4;26.64;23.06;1017.269;63
2018-08-10 16:34:04.410500;5;26.65;23.71;1017.4300000000001;63
2018-08-10 16:34:04.645306;6;26.24;23.39;1017.123;63
2018-08-10 16:34:04.879774;7;26.2;23.85;1017.208;63
2018-08-10 16:34:05.114643;8;26.23;23.12;1017.1930000000001;63
2018-08-10 16:34:05.350368;9;26.6;24.55;1017.276;63
2018-08-10 16:34:06.720031;10;26.58;23.59;1017.19;63
2018-08-10 16:34:06.955721;11;25.85;24.2;1017.27;63
2018-08-10 16:34:07.290385;1;26.46;23.22;1017.2520000000001;64
2018-08-10 16:34:07.524805;2;26.47;23.72;1017.802;64
2018-08-10 16:34:07.759495;3;26.54;23.14;1017.235;64
2018-08-10 16:34:07.994480;4;26.62;22.96;1017.2090000000001;64
2018-08-10 16:34:08.227949;5;26.63;23.62;1017.4000000000001;64
2018-08-10 16:34:08.462741;6;26.22;23.29;1017.1030000000001;64
2018-08-10 16:34:08.697229;7;26.18;23.76;1017.168;64
2018-08-10 16:34:08.932082;8;26.2;23.02;1017.2130000000001;64
2018-08-10 16:34:09.166510;9;26.58;24.46;1017.236;64
2018-08-10 16:34:09.401331;10;26.56;23.5;1017.15;64
2018-08-10 16:34:09.635808;11;25.84;24.14;1017.22;64
2018-08-10 16:34:09.970637;1;26.45;23.15;1017.172;65
2018-08-10 16:34:10.205996;2;26.45;23.66;1017.372;65
2018-08-10 16:34:10.441602;3;26.53;23.1;1017.315;65
2018-08-10 16:34:10.674433;4;26.61;22.92;1017.289;65
2018-08-10 16:34:10.909216;5;26.61;23.57;1017.38;65
2018-08-10 16:34:11.143696;6;26.2;23.23;1017.1030000000001;65
2018-08-10 16:34:11.379717;7;26.17;23.66;1017.258;65
2018-08-10 16:34:11.613663;8;26.18;22.99;1017.123;65
2018-08-10 16:34:11.848499;9;26.56;24.43;1017.276;65
2018-08-10 16:34:12.083173;10;26.55;23.45;1017.13;65
2018-08-10 16:34:12.318041;11;25.83;24.1;1017.27;65
2018-08-10 16:34:12.651522;1;26.43;23.11;1017.172;66
2018-08-10 16:34:12.886459;2;26.44;23.62;1017.3919999999999;66
2018-08-10 16:34:13.120826;3;26.51;23.06;1017.315;66
2018-08-10 16:34:13.355736;4;26.59;22.87;1017.3290000000001;66
2018-08-10 16:34:13.590136;5;26.6;23.52;1017.4300000000001;66
2018-08-10 16:34:13.825632;6;26.18;23.21;1017.143;66
2018-08-10 16:34:14.059449;7;26.15;23.66;1017.218;66
2018-08-10 16:34:14.294274;8;26.16;22.95;1017.173;66
2018-08-10 16:34:14.528801;9;26.54;24.39;1017.276;66
2018-08-10 16:34:14.763499;10;26.53;23.41;1017.1700000000001;66
2018-08-10 16:34:14.998510;11;25.81;24.06;1017.27;66
2018-08-10 16:34:15.333524;1;26.43;23.09;1017.192;67
2018-08-10 16:34:15.567831;2;26.42;23.57;1017.4019999999999;67
2018-08-10 16:34:15.802597;3;26.51;23.01;1017.345;67
2018-08-10 16:34:16.037611;4;26.58;22.86;1017.299;67
2018-08-10 16:34:16.271581;5;26.58;23.49;1017.37;67
2018-08-10 16:34:16.505869;6;26.17;23.15;1017.1030000000001;67
2018-08-10 16:34:16.740674;7;26.13;23.65;1017.238;67
2018-08-10 16:34:16.975248;8;26.15;22.92;1017.173;67
2018-08-10 16:34:17.209980;9;26.53;24.36;1017.226;67
2018-08-10 16:34:17.838371;10;26.51;23.38;1017.14;67
2018-08-10 16:34:18.073451;11;25.79;24.04;1017.24;67
2018-08-10 16:34:18.407576;1;26.4;23.03;1017.202;68
2018-08-10 16:34:18.642154;2;26.4;23.54;1017.372;68
2018-08-10 16:34:18.876903;3;26.49;22.98;1017.365;68
2018-08-10 16:34:19.111374;4;26.56;22.81;1017.289;68
2018-08-10 16:34:19.346298;5;26.57;23.43;1017.3900000000001;68
2018-08-10 16:34:19.580696;6;26.15;23.13;1017.123;68
2018-08-10 16:34:19.816333;7;26.12;23.61;1017.248;68
2018-08-10 16:34:20.051528;8;26.13;22.9;1017.153;68
2018-08-10 16:34:20.286121;9;26.51;24.34;1017.266;68
2018-08-10 16:34:20.520328;10;26.5;23.36;1017.16;68
2018-08-10 16:34:20.754888;11;25.77;24.0;1017.31;68
2018-08-10 16:34:21.088779;1;26.39;23.01;1017.2420000000001;69
2018-08-10 16:34:21.324387;2;26.39;23.54;1017.372;69
2018-08-10 16:34:21.558417;3;26.47;22.96;1017.345;69
2018-08-10 16:34:21.792666;4;26.55;22.8;1017.319;69
2018-08-10 16:34:22.027098;5;26.56;23.43;1017.4100000000001;69
2018-08-10 16:34:22.261900;6;26.14;23.12;1017.0930000000001;69
2018-08-10 16:34:22.496402;7;26.1;23.58;1017.218;69
2018-08-10 16:34:22.731210;8;26.12;22.87;1017.1930000000001;69
2018-08-10 16:34:22.965781;9;26.49;24.3;1017.186;69
2018-08-10 16:34:23.201532;10;26.49;23.33;1017.1800000000001;69
2018-08-10 16:34:23.435652;11;25.76;23.98;1017.22;69
2018-08-10 16:34:23.769789;1;26.37;22.99;1017.162;70
2018-08-10 16:34:24.005264;2;26.38;23.49;1017.332;70
2018-08-10 16:34:24.240142;3;26.46;22.94;1017.3050000000001;70
2018-08-10 16:34:24.473673;4;26.54;22.78;1017.349;70
2018-08-10 16:34:24.708353;5;26.55;23.38;1017.4100000000001;70
2018-08-10 16:34:24.943483;6;26.12;23.1;1017.0830000000001;70
2018-08-10 16:34:25.177879;7;26.09;23.55;1017.258;70
2018-08-10 16:34:25.412183;8;26.1;22.85;1017.173;70
2018-08-10 16:34:25.646940;9;26.48;24.29;1017.236;70
2018-08-10 16:34:25.881433;10;26.47;23.31;1017.1800000000001;70
2018-08-10 16:34:26.116245;11;25.75;23.97;1017.25;70
2018-08-10 16:34:26.450705;1;26.36;22.97;1017.182;71
2018-08-10 16:34:26.685526;2;26.36;23.48;1017.332;71
2018-08-10 16:34:26.920022;3;26.44;22.91;1017.2950000000001;71
2018-08-10 16:34:27.154871;4;26.52;22.76;1017.379;71
2018-08-10 16:34:27.389834;5;26.54;23.39;1017.4100000000001;71
2018-08-10 16:34:27.625328;6;26.11;23.08;1017.2030000000001;71
2018-08-10 16:34:27.859833;7;26.08;23.52;1017.2280000000001;71
2018-08-10 16:34:28.094749;8;26.09;22.84;1017.1030000000001;71
2018-08-10 16:34:28.328005;9;26.47;24.26;1017.236;71
2018-08-10 16:34:28.564033;10;26.46;23.28;1017.1800000000001;71
2018-08-10 16:34:28.797173;11;25.73;23.94;1017.26;71
2018-08-10 16:34:29.131986;1;26.35;22.95;1017.2120000000001;72
2018-08-10 16:34:29.366513;2;26.35;23.46;1017.372;72
2018-08-10 16:34:29.601293;3;26.42;22.91;1017.325;72
2018-08-10 16:34:29.835778;4;26.51;22.74;1017.349;72
2018-08-10 16:34:30.070625;5;26.52;23.33;1017.38;72
2018-08-10 16:34:30.305072;6;26.1;23.06;1017.153;72
2018-08-10 16:34:30.539917;7;26.05;23.53;1017.188;72
2018-08-10 16:34:30.774819;8;26.07;22.81;1017.133;72
2018-08-10 16:34:31.009155;9;26.45;24.25;1017.306;72
2018-08-10 16:34:31.244367;10;26.45;23.27;1017.15;72
2018-08-10 16:34:31.479211;11;25.72;23.93;1017.28;72
2018-08-10 16:34:31.813575;1;26.34;22.93;1017.2220000000001;73
2018-08-10 16:34:32.048325;2;26.34;23.45;1017.332;73
2018-08-10 16:34:32.282276;3;26.42;22.9;1017.335;73
2018-08-10 16:34:32.517026;4;26.49;22.74;1017.299;73
2018-08-10 16:34:32.751542;5;26.51;23.35;1017.4100000000001;73
2018-08-10 16:34:32.986305;6;26.09;23.05;1017.183;73
2018-08-10 16:34:33.220787;7;26.05;23.52;1017.268;73
2018-08-10 16:34:33.455592;8;26.05;22.81;1017.143;73
2018-08-10 16:34:33.690114;9;26.43;24.24;1017.246;73
2018-08-10 16:34:33.924927;10;26.44;23.26;1017.19;73
2018-08-10 16:34:34.160490;11;25.7;23.92;1017.28;73
2018-08-10 16:34:34.494218;1;26.32;22.93;1017.162;74
2018-08-10 16:34:34.729989;2;26.33;23.43;1017.352;74
2018-08-10 16:34:34.964590;3;26.4;22.88;1017.355;74
2018-08-10 16:34:35.198951;4;26.47;22.71;1017.339;74
2018-08-10 16:34:35.433753;5;26.5;23.3;1017.4000000000001;74
2018-08-10 16:34:35.667829;6;26.07;23.04;1017.153;74
2018-08-10 16:34:35.902185;7;26.03;23.49;1017.258;74
2018-08-10 16:34:36.136876;8;26.04;22.79;1017.133;74
2018-08-10 16:34:36.372396;9;26.41;24.23;1017.256;74
2018-08-10 16:34:36.605816;10;26.42;23.24;1017.23;74
2018-08-10 16:34:36.840624;11;25.69;23.91;1017.26;74
2018-08-10 16:34:37.175460;1;26.31;22.9;1017.2320000000001;75
2018-08-10 16:34:37.409954;2;26.32;23.41;1017.342;75
2018-08-10 16:34:37.644724;3;26.39;22.87;1017.355;75
2018-08-10 16:34:37.879299;4;26.46;22.71;1017.319;75
2018-08-10 16:34:38.115202;5;26.49;23.33;1017.3900000000001;75
2018-08-10 16:34:38.350138;6;26.06;23.03;1017.163;75
2018-08-10 16:34:38.584354;7;26.01;23.49;1017.278;75
2018-08-10 16:34:38.818690;8;26.03;22.77;1017.173;75
2018-08-10 16:34:39.053893;9;26.4;24.2;1017.276;75
2018-08-10 16:34:39.288175;10;26.4;23.2;1017.22;75
2018-08-10 16:34:39.522550;11;25.68;23.89;1017.34;75
2018-08-10 16:34:39.856369;1;26.29;22.9;1017.162;76
2018-08-10 16:34:40.091476;2;26.3;23.42;1017.372;76
2018-08-10 16:34:40.325658;3;26.37;22.85;1017.335;76
2018-08-10 16:34:40.560970;4;26.45;22.7;1017.319;76
2018-08-10 16:34:40.795048;5;26.48;23.25;1017.4200000000001;76
2018-08-10 16:34:41.029791;6;26.05;23.0;1017.163;76
2018-08-10 16:34:41.264271;7;26.0;23.45;1017.248;76
2018-08-10 16:34:41.498888;8;26.01;22.76;1017.143;76
2018-08-10 16:34:41.734390;9;26.39;24.2;1017.226;76
2018-08-10 16:34:41.969332;10;26.39;23.21;1017.19;76
2018-08-10 16:34:42.203516;11;25.67;23.88;1017.34;76
2018-08-10 16:34:42.537746;1;26.28;22.88;1017.2120000000001;77
2018-08-10 16:34:42.772940;2;26.29;23.37;1017.332;77
2018-08-10 16:34:43.007818;3;26.35;22.84;1017.265;77
2018-08-10 16:34:43.241391;4;26.43;22.69;1017.319;77
2018-08-10 16:34:43.475873;5;26.46;23.3;1017.3900000000001;77
2018-08-10 16:34:43.710735;6;26.03;23.0;1017.163;77
2018-08-10 16:34:43.945260;7;25.99;23.48;1017.208;77
2018-08-10 16:34:44.179972;8;26.0;22.75;1017.163;77
2018-08-10 16:34:44.414444;9;26.37;24.19;1017.216;77
2018-08-10 16:34:44.649309;10;26.38;23.2;1017.1700000000001;77
2018-08-10 16:34:44.883994;11;25.65;23.87;1017.29;77
2018-08-10 16:34:45.218524;1;26.27;22.87;1017.202;78
2018-08-10 16:34:45.453962;2;26.27;23.37;1017.322;78
2018-08-10 16:34:45.689813;3;26.34;22.83;1017.345;78
2018-08-10 16:34:45.923721;4;26.42;22.68;1017.309;78
2018-08-10 16:34:46.158198;5;26.44;23.28;1017.36;78
2018-08-10 16:34:46.392648;6;26.02;22.96;1017.123;78
2018-08-10 16:34:46.627099;7;25.97;23.43;1017.218;78
2018-08-10 16:34:46.861554;8;25.99;22.74;1017.173;78
2018-08-10 16:34:47.096398;9;26.36;24.18;1017.206;78
2018-08-10 16:34:47.330215;10;26.36;23.19;1017.1800000000001;78
2018-08-10 16:34:47.565072;11;25.64;23.86;1017.26;78
2018-08-10 16:34:47.899508;1;26.26;22.87;1017.192;79
2018-08-10 16:34:48.134300;2;26.26;23.37;1017.352;79
2018-08-10 16:34:48.369432;3;26.33;22.81;1017.3050000000001;79
2018-08-10 16:34:48.603763;4;26.41;22.65;1017.309;79
2018-08-10 16:34:48.838058;5;26.43;23.28;1017.37;79
2018-08-10 16:34:49.073338;6;26.01;22.97;1017.183;79
2018-08-10 16:34:49.308767;7;25.95;23.44;1017.208;79
2018-08-10 16:34:49.543467;8;25.97;22.74;1017.133;79
2018-08-10 16:34:49.776827;9;26.35;24.16;1017.236;79
2018-08-10 16:34:50.012257;10;26.36;23.17;1017.16;79
2018-08-10 16:34:50.246702;11;25.62;23.84;1017.24;79
2018-08-10 16:34:50.580813;1;26.24;22.84;1017.2120000000001;80
2018-08-10 16:34:50.816859;2;26.25;23.36;1017.302;80
2018-08-10 16:34:51.050886;3;26.31;22.8;1017.355;80
2018-08-10 16:34:51.285509;4;26.39;22.65;1017.339;80
2018-08-10 16:34:51.520302;5;26.42;23.26;1017.38;80
2018-08-10 16:34:51.753859;6;26.0;22.95;1017.143;80
2018-08-10 16:34:51.988901;7;25.95;23.43;1017.208;80
2018-08-10 16:34:52.223989;8;25.96;22.72;1017.113;80
2018-08-10 16:34:52.458094;9;26.33;24.15;1017.236;80
2018-08-10 16:34:52.693312;10;26.34;23.16;1017.16;80
2018-08-10 16:34:52.927201;11;25.6;23.83;1017.26;80
2018-08-10 16:34:53.261672;1;26.23;22.84;1017.182;81
2018-08-10 16:34:53.496507;2;26.23;23.36;1017.312;81
2018-08-10 16:34:53.730987;3;26.3;22.8;1017.335;81
2018-08-10 16:34:53.967016;4;26.39;22.64;1017.339;81
2018-08-10 16:34:54.201308;5;26.41;23.25;1017.4000000000001;81
2018-08-10 16:34:54.436387;6;25.98;22.96;1017.133;81
2018-08-10 16:34:54.670211;7;25.93;23.42;1017.238;81
2018-08-10 16:34:54.905597;8;25.95;22.7;1017.143;81
2018-08-10 16:34:55.139738;9;26.32;24.15;1017.206;81
2018-08-10 16:34:55.373781;10;26.33;23.15;1017.1800000000001;81
2018-08-10 16:34:55.609081;11;25.59;23.82;1017.3;81
2018-08-10 16:34:55.942949;1;26.22;22.83;1017.172;82
2018-08-10 16:34:56.177492;2;26.22;23.31;1017.352;82
2018-08-10 16:34:56.412544;3;26.29;22.79;1017.395;82
2018-08-10 16:34:56.647564;4;26.37;22.64;1017.3290000000001;82
2018-08-10 16:34:56.881541;5;26.39;23.24;1017.38;82
2018-08-10 16:34:57.116108;6;25.97;22.92;1017.123;82
2018-08-10 16:34:57.352142;7;25.92;23.42;1017.208;82
2018-08-10 16:34:57.586381;8;25.94;22.7;1017.153;82
2018-08-10 16:34:57.821544;9;26.3;24.14;1017.196;82
2018-08-10 16:34:58.055236;10;26.32;23.14;1017.1700000000001;82
2018-08-10 16:34:58.289403;11;25.58;23.79;1017.26;82
2018-08-10 16:34:58.624150;1;26.2;22.8;1017.142;83
2018-08-10 16:34:58.858757;2;26.21;23.32;1017.322;83
2018-08-10 16:34:59.094069;3;26.27;22.76;1017.355;83
2018-08-10 16:34:59.329218;4;26.35;22.61;1017.299;83
2018-08-10 16:34:59.563217;5;26.38;23.22;1017.4000000000001;83
2018-08-10 16:34:59.798517;6;25.96;22.93;1017.0830000000001;83
2018-08-10 16:35:00.032799;7;25.91;23.38;1017.218;83
2018-08-10 16:35:00.501059;9;26.29;24.12;1017.206;83
2018-08-10 16:35:00.735851;10;26.3;23.12;1017.13;83
2018-08-10 16:35:00.970337;11;25.57;23.78;1017.26;83
2018-08-10 16:35:01.305814;1;26.2;22.8;1017.182;84
2018-08-10 16:35:01.540774;2;26.2;23.28;1017.2919999999999;84
2018-08-10 16:35:01.775178;3;26.26;22.76;1017.3050000000001;84
2018-08-10 16:35:02.331769;4;26.33;22.6;1017.369;84
2018-08-10 16:35:02.566592;5;26.37;23.21;1017.34;84
2018-08-10 16:35:02.802012;6;25.95;22.91;1017.123;84
2018-08-10 16:35:03.036955;7;25.89;23.38;1017.188;84
2018-08-10 16:35:03.270398;8;25.91;22.67;1017.113;84
2018-08-10 16:35:03.506451;9;26.28;24.1;1017.246;84
2018-08-10 16:35:03.739620;10;26.29;23.11;1017.13;84
2018-08-10 16:35:03.974701;11;25.56;23.77;1017.24;84
2018-08-10 16:35:04.310087;1;26.18;22.78;1017.152;85
2018-08-10 16:35:04.544473;2;26.18;23.27;1017.302;85
2018-08-10 16:35:04.778366;3;26.25;22.75;1017.3050000000001;85
2018-08-10 16:35:05.014500;4;26.33;22.59;1017.3290000000001;85
2018-08-10 16:35:05.248207;5;26.36;23.16;1017.4000000000001;85
2018-08-10 16:35:05.482602;6;25.93;22.9;1017.1030000000001;85
2018-08-10 16:35:05.719859;7;25.87;23.38;1017.248;85
2018-08-10 16:35:05.952918;8;25.9;22.66;1017.153;85
2018-08-10 16:35:06.186961;9;26.27;24.09;1017.216;85
2018-08-10 16:35:06.421227;10;26.28;23.1;1017.15;85
2018-08-10 16:35:06.655422;11;25.54;23.77;1017.26;85
2018-08-10 16:35:06.990227;1;26.17;22.77;1017.192;86
2018-08-10 16:35:07.224681;2;26.17;23.28;1017.332;86
2018-08-10 16:35:07.459913;3;26.24;22.69;1017.325;86
2018-08-10 16:35:07.693999;4;26.31;22.59;1017.339;86
2018-08-10 16:35:07.929373;5;26.35;23.18;1017.3900000000001;86
2018-08-10 16:35:08.163339;6;25.92;22.89;1017.0830000000001;86
2018-08-10 16:35:08.398059;7;25.86;23.34;1017.248;86
2018-08-10 16:35:08.632555;8;25.88;22.65;1017.133;86
2018-08-10 16:35:08.869306;9;26.25;24.09;1017.246;86
2018-08-10 16:35:09.102580;10;26.27;23.09;1017.12;86
2018-08-10 16:35:09.338042;11;25.53;23.75;1017.26;86
2018-08-10 16:35:09.671137;1;26.15;22.75;1017.2220000000001;87
2018-08-10 16:35:09.907207;2;26.16;23.24;1017.332;87
2018-08-10 16:35:10.140963;3;26.23;22.71;1017.2950000000001;87
2018-08-10 16:35:10.609731;5;26.33;23.14;1017.36;87
2018-08-10 16:35:10.845810;6;25.91;22.87;1017.153;87
2018-08-10 16:35:11.079832;7;25.85;23.35;1017.248;87
2018-08-10 16:35:11.315147;8;25.87;22.63;1017.143;87
2018-08-10 16:35:11.549577;9;26.24;24.06;1017.176;87
2018-08-10 16:35:11.783335;10;26.25;23.07;1017.14;87
2018-08-10 16:35:12.017661;11;25.52;23.73;1017.31;87
2018-08-10 16:35:12.352391;1;26.15;22.73;1017.172;88
2018-08-10 16:35:12.588782;2;26.14;23.25;1017.312;88
2018-08-10 16:35:12.823603;3;26.22;22.7;1017.2750000000001;88
2018-08-10 16:35:13.057339;4;26.29;22.55;1017.309;88
2018-08-10 16:35:13.292045;5;26.32;23.15;1017.38;88
2018-08-10 16:35:13.526338;6;25.89;22.86;1017.123;88
2018-08-10 16:35:13.760886;7;25.83;23.31;1017.208;88
2018-08-10 16:35:13.995720;8;25.85;22.62;1017.143;88
2018-08-10 16:35:14.229793;9;26.23;24.05;1017.2860000000001;88
2018-08-10 16:35:14.465070;10;26.24;23.05;1017.2;88
2018-08-10 16:35:14.699385;11;25.51;23.71;1017.24;88
2018-08-10 16:35:15.033338;1;26.14;22.72;1017.142;89
2018-08-10 16:35:15.268150;2;26.13;23.24;1017.2919999999999;89
2018-08-10 16:35:15.503825;3;26.21;22.68;1017.3050000000001;89
2018-08-10 16:35:15.738336;4;26.28;22.53;1017.309;89
2018-08-10 16:35:15.972613;5;26.31;23.11;1017.38;89
2018-08-10 16:35:16.208032;6;25.88;22.84;1017.1030000000001;89
2018-08-10 16:35:16.442382;7;25.82;23.32;1017.168;89
2018-08-10 16:35:16.676908;8;25.84;22.61;1017.123;89
2018-08-10 16:35:16.911819;9;26.22;24.04;1017.246;89
2018-08-10 16:35:17.146403;10;26.22;23.04;1017.14;89
2018-08-10 16:35:17.380895;11;25.5;23.7;1017.31;89
2018-08-10 16:35:17.715148;1;26.12;22.69;1017.192;90
2018-08-10 16:35:17.949981;2;26.12;23.22;1017.362;90
2018-08-10 16:35:18.185111;3;26.19;22.69;1017.355;90
2018-08-10 16:35:18.419384;4;26.27;22.53;1017.3290000000001;90
2018-08-10 16:35:18.654230;5;26.3;23.12;1017.36;90
2018-08-10 16:35:18.888286;6;25.86;22.84;1017.123;90
2018-08-10 16:35:19.122779;7;25.81;23.3;1017.208;90
2018-08-10 16:35:19.357732;8;25.82;22.6;1017.143;90
2018-08-10 16:35:19.593127;9;26.21;24.01;1017.226;90
2018-08-10 16:35:19.827301;10;26.21;23.01;1017.1800000000001;90
2018-08-10 16:35:20.397145;1;26.11;22.69;1017.152;91
2018-08-10 16:35:20.631620;2;26.1;23.21;1017.302;91
2018-08-10 16:35:20.865566;3;26.19;22.67;1017.375;91
2018-08-10 16:35:21.100788;4;26.25;22.5;1017.359;91
2018-08-10 16:35:21.335448;5;26.28;23.08;1017.3900000000001;91
2018-08-10 16:35:22.637868;6;25.84;22.82;1017.123;91
2018-08-10 16:35:22.873546;7;25.8;23.29;1017.2280000000001;91
2018-08-10 16:35:23.108002;8;25.81;22.57;1017.163;91
2018-08-10 16:35:23.342692;9;26.19;24.0;1017.186;91
2018-08-10 16:35:23.577559;10;26.19;23.0;1017.1700000000001;91
2018-08-10 16:35:23.811878;11;25.46;23.66;1017.26;91
2018-08-10 16:35:24.145759;1;26.09;22.67;1017.172;92
2018-08-10 16:35:24.381170;2;26.08;23.19;1017.322;92
2018-08-10 16:35:24.616070;3;26.17;22.64;1017.345;92
2018-08-10 16:35:24.850664;4;26.24;22.49;1017.3290000000001;92
2018-08-10 16:35:25.085744;5;26.27;23.05;1017.3900000000001;92
2018-08-10 16:35:25.320083;6;25.84;22.78;1017.113;92
2018-08-10 16:35:25.554477;7;25.78;23.24;1017.268;92
2018-08-10 16:35:25.789447;8;25.8;22.56;1017.173;92
2018-08-10 16:35:26.023696;9;26.17;23.99;1017.236;92
2018-08-10 16:35:26.258501;10;26.18;23.0;1017.14;92
2018-08-10 16:35:26.493166;11;25.46;23.65;1017.27;92
2018-08-10 16:35:26.826706;1;26.08;22.66;1017.1120000000001;93
2018-08-10 16:35:27.061614;2;26.08;23.16;1017.302;93
2018-08-10 16:35:27.297218;3;26.15;22.64;1017.085;93
2018-08-10 16:35:27.531038;4;26.23;22.48;1017.319;93
2018-08-10 16:35:27.765265;5;26.25;23.09;1017.3900000000001;93
2018-08-10 16:35:28.000077;6;25.82;22.79;1017.113;93
2018-08-10 16:35:28.235326;7;25.77;23.26;1017.248;93
2018-08-10 16:35:28.470424;8;25.79;22.55;1017.1930000000001;93
2018-08-10 16:35:28.704731;9;26.17;23.98;1017.236;93
2018-08-10 16:35:28.939101;10;26.17;22.98;1017.19;93
2018-08-10 16:35:29.174361;11;25.45;23.61;1017.31;93
2018-08-10 16:35:29.508658;1;26.07;22.63;1017.182;94
2018-08-10 16:35:29.743496;2;26.07;23.15;1017.322;94
2018-08-10 16:35:29.978088;3;26.14;22.6;1017.335;94
2018-08-10 16:35:30.212663;4;26.22;22.44;1017.3290000000001;94
2018-08-10 16:35:30.447653;5;26.24;23.01;1017.34;94
2018-08-10 16:35:30.681175;6;25.81;22.74;1017.143;94
2018-08-10 16:35:31.150293;8;25.77;22.51;1017.1830000000001;94
2018-08-10 16:35:31.386345;9;26.15;23.95;1017.166;94
2018-08-10 16:35:31.622497;10;26.16;22.96;1017.23;94
2018-08-10 16:35:31.855147;11;25.44;23.6;1017.31;94
2018-08-10 16:35:32.189669;1;26.06;22.62;1017.152;95
2018-08-10 16:35:32.424692;2;26.06;23.13;1017.302;95
2018-08-10 16:35:32.658972;3;26.12;22.59;1017.345;95
2018-08-10 16:35:32.893769;4;26.2;22.43;1017.319;95
2018-08-10 16:35:33.128567;5;26.23;23.04;1017.35;95
2018-08-10 16:35:33.363223;6;25.8;22.74;1017.1030000000001;95
2018-08-10 16:35:33.596832;7;25.75;23.22;1017.2280000000001;95
2018-08-10 16:35:33.833001;8;25.76;22.51;1017.2330000000001;95
2018-08-10 16:35:34.066955;9;26.14;23.94;1017.226;95
2018-08-10 16:35:34.301248;10;26.14;22.94;1017.1800000000001;95
2018-08-10 16:35:34.536019;11;25.43;23.6;1017.34;95
2018-08-10 16:35:34.870122;1;26.05;22.58;1017.2120000000001;96
2018-08-10 16:35:35.105697;2;26.04;23.1;1017.322;96
2018-08-10 16:35:35.339700;3;26.11;22.59;1017.335;96
2018-08-10 16:35:35.574795;4;26.18;22.44;1017.319;96
2018-08-10 16:35:35.809497;5;26.22;23.0;1017.37;96
2018-08-10 16:35:36.044668;6;25.79;22.71;1017.1030000000001;96
2018-08-10 16:35:36.278738;7;25.74;23.23;1017.308;96
2018-08-10 16:35:36.512802;8;25.75;22.51;1017.253;96
2018-08-10 16:35:36.748822;9;26.13;23.94;1017.256;96
2018-08-10 16:35:37.667211;10;26.13;22.95;1017.19;96
2018-08-10 16:35:37.901780;11;25.41;23.61;1017.28;96
2018-08-10 16:35:38.235387;1;26.03;22.62;1017.152;97
2018-08-10 16:35:38.470254;2;26.03;23.14;1017.312;97
2018-08-10 16:35:38.704701;3;26.1;22.62;1017.365;97
2018-08-10 16:35:38.939486;4;26.18;22.47;1017.349;97
2018-08-10 16:35:39.174231;5;26.19;23.08;1017.4200000000001;97
2018-08-10 16:35:39.408761;6;25.78;22.78;1017.153;97
2018-08-10 16:35:42.390722;8;25.73;22.62;1017.303;97
2018-08-10 16:35:42.625209;9;26.1;24.04;1017.206;97
2018-08-10 16:35:42.860005;10;26.11;23.03;1017.1800000000001;97
2018-08-10 16:35:43.094480;11;25.39;23.71;1017.28;97
2018-08-10 16:35:43.430293;1;26.01;22.74;1017.2220000000001;98
