2018-08-27 15:43:55.832670;11;21.55;68.55;1006.98;5
2018-08-27 15:43:56.848017;1;20.94;72.42;1007.13;6
2018-08-27 15:43:57.082819;2;20.86;72.06;1006.86;6
2018-08-27 15:43:57.317781;3;20.95;72.21;1006.86;6
2018-08-27 15:43:57.552081;4;21.05;72.61;1006.84;6
2018-08-27 15:43:57.787155;5;21.25;71.02;1007.22;6
2018-08-27 15:43:58.021412;6;21.03;71.26;1006.91;6
2018-08-27 15:43:58.256740;7;20.91;73.5;1007.0;6
2018-08-27 15:43:58.490373;8;20.87;70.83;1006.75;6
2018-08-27 15:43:58.725146;9;21.37;71.15;1006.89;6
2018-08-27 15:43:58.959659;10;21.05;71.3;1007.06;6
2018-08-27 15:43:59.760338;11;21.54;68.0;1005.65;6
2018-08-27 15:44:00.775703;1;20.94;72.19;1007.17;7
2018-08-27 15:44:01.010956;2;20.89;71.87;1006.87;7
2018-08-27 15:44:01.245580;3;20.97;72.43;1006.86;7
2018-08-27 15:44:01.480037;4;21.06;72.76;1006.81;7
2018-08-27 15:44:01.714553;5;21.28;71.5;1007.17;7
2018-08-27 15:44:01.949157;6;21.04;71.73;1006.88;7
2018-08-27 15:44:02.183387;7;20.93;74.13;1006.98;7
2018-08-27 15:44:02.418343;8;20.88;71.06;1006.75;7
2018-08-27 15:44:02.653048;9;21.41;71.79;1006.85;7
2018-08-27 15:44:02.887640;10;21.07;71.59;1007.06;7
2018-08-27 15:44:03.689737;11;21.56;68.1;1003.27;7
2018-08-27 15:44:05.794367;1;20.98;72.35;1007.17;8
2018-08-27 15:44:06.029135;2;20.9;72.19;1006.86;8
2018-08-27 15:44:06.263798;3;20.98;72.56;1006.89;8
2018-08-27 15:44:06.497613;4;21.07;72.89;1006.85;8
2018-08-27 15:44:06.732617;5;21.31;71.48;1007.17;8
2018-08-27 15:44:06.967513;6;21.05;71.9;1006.96;8
2018-08-27 15:44:07.201052;7;20.95;73.94;1007.04;8
2018-08-27 15:44:07.436576;8;20.85;71.24;1006.77;8
2018-08-27 15:44:07.670872;9;21.41;71.56;1006.84;8
2018-08-27 15:44:07.905153;10;21.07;71.75;1007.04;8
2018-08-27 15:44:08.711970;11;21.4;68.44;1006.74;8
2018-08-27 15:44:09.729108;1;20.91;72.7;1007.15;9
2018-08-27 15:44:09.964531;2;20.87;72.48;1006.89;9
2018-08-27 15:44:10.433159;4;21.04;73.37;1006.86;9
2018-08-27 15:44:10.668102;5;21.3;71.61;1007.19;9
2018-08-27 15:44:10.902735;6;21.04;72.27;1006.97;9
2018-08-27 15:44:11.137294;7;20.94;74.26;1007.05;9
2018-08-27 15:44:11.371817;8;20.85;71.69;1006.76;9
2018-08-27 15:44:11.606465;9;21.42;71.91;1006.8;9
2018-08-27 15:44:11.840732;10;21.07;72.0;1007.03;9
2018-08-27 15:44:12.648208;11;21.53;68.69;1005.18;9
2018-08-27 15:44:13.661295;1;20.95;72.87;1007.16;10
2018-08-27 15:44:13.896638;2;20.88;72.68;1006.96;10
2018-08-27 15:44:14.131246;3;20.97;73.14;1006.94;10
2018-08-27 15:44:14.365729;4;21.07;73.51;1006.84;10
2018-08-27 15:44:14.600418;5;21.33;71.68;1007.23;10
2018-08-27 15:44:14.835168;6;21.06;72.41;1006.96;10
2018-08-27 15:44:15.069390;7;20.97;74.35;1007.04;10
2018-08-27 15:44:15.304349;8;20.88;71.77;1006.76;10
2018-08-27 15:44:15.539104;9;21.44;71.98;1006.86;10
2018-08-27 15:44:15.773212;10;21.1;72.12;1007.05;10
2018-08-27 15:44:16.577659;11;21.56;68.8;1006.95;10
2018-08-27 15:44:17.577953;1;20.97;72.91;1007.15;11
2018-08-27 15:44:17.812757;2;20.92;72.82;1006.93;11
2018-08-27 15:44:18.047279;3;20.99;73.22;1006.89;11
2018-08-27 15:44:18.282276;4;21.09;73.59;1006.86;11
2018-08-27 15:44:18.516934;5;21.37;71.79;1007.2;11
2018-08-27 15:44:18.751763;6;21.08;72.62;1006.98;11
2018-08-27 15:44:18.986352;7;21.0;74.5;1007.08;11
2018-08-27 15:44:19.221205;8;20.91;71.82;1006.77;11
2018-08-27 15:44:19.455660;9;21.48;72.08;1006.84;11
2018-08-27 15:44:19.690256;10;21.13;72.27;1007.11;11
2018-08-27 15:44:20.498864;11;21.59;68.97;1007.04;11
2018-08-27 15:44:21.500178;1;21.01;72.92;1007.11;12
2018-08-27 15:44:21.734948;2;20.95;73.03;1006.91;12
2018-08-27 15:44:21.969578;3;21.02;73.38;1006.91;12
2018-08-27 15:44:22.204466;4;21.12;73.75;1006.77;12
2018-08-27 15:44:22.438642;5;21.41;71.93;1007.22;12
2018-08-27 15:44:22.674051;6;21.12;72.82;1007.0;12
2018-08-27 15:44:22.908171;7;21.06;74.48;1007.11;12
2018-08-27 15:44:23.142909;8;20.94;71.95;1006.83;12
2018-08-27 15:44:23.377009;9;21.51;72.08;1006.89;12
2018-08-27 15:44:23.612346;10;21.16;72.35;1007.11;12
2018-08-27 15:44:24.424422;11;21.53;69.29;1004.26;12
2018-08-27 15:44:25.424827;1;20.94;73.3;1007.23;13
2018-08-27 15:44:25.660213;2;20.88;73.23;1006.97;13
2018-08-27 15:44:25.895049;3;20.94;73.79;1006.92;13
2018-08-27 15:44:26.129158;4;21.05;74.21;1006.84;13
2018-08-27 15:44:26.364126;5;21.28;72.3;1007.21;13
2018-08-27 15:44:26.598792;6;20.99;73.25;1006.98;13
2018-08-27 15:44:26.833251;7;20.94;74.95;1007.1;13
2018-08-27 15:44:27.068239;8;20.83;72.47;1006.83;13
2018-08-27 15:44:27.302327;9;21.34;72.74;1006.93;13
2018-08-27 15:44:27.537504;10;21.02;72.89;1007.15;13
2018-08-27 15:44:28.345636;11;21.39;70.01;1006.62;13
2018-08-27 15:44:29.347706;1;20.83;73.91;1007.23;14
2018-08-27 15:44:29.583330;2;20.79;73.74;1006.96;14
2018-08-27 15:44:29.817877;3;20.85;74.39;1006.95;14
2018-08-27 15:44:30.052552;4;20.99;74.71;1006.91;14
2018-08-27 15:44:30.286761;5;21.16;72.94;1007.31;14
2018-08-27 15:44:30.838172;6;20.89;73.8;1006.99;14
2018-08-27 15:44:31.072665;7;20.81;75.61;1007.15;14
2018-08-27 15:44:31.307495;8;20.75;72.95;1006.87;14
2018-08-27 15:44:31.542341;9;21.2;73.33;1006.84;14
2018-08-27 15:44:31.777731;10;20.89;73.45;1007.12;14
2018-08-27 15:44:32.211607;11;21.24;70.59;1007.08;14
2018-08-27 15:44:33.224217;1;20.76;74.2;1007.14;15
2018-08-27 15:44:33.459934;2;20.71;74.03;1007.02;15
2018-08-27 15:44:33.694167;3;20.77;74.69;1006.98;15
2018-08-27 15:44:33.928337;4;20.93;74.94;1006.95;15
2018-08-27 15:44:34.163449;5;21.08;73.37;1007.2;15
2018-08-27 15:44:34.398144;6;20.8;74.25;1006.91;15
2018-08-27 15:44:34.632544;7;20.74;76.07;1007.16;15
2018-08-27 15:44:34.867703;8;20.68;73.32;1006.84;15
2018-08-27 15:44:35.102388;9;21.11;73.82;1006.85;15
2018-08-27 15:44:35.336626;10;20.81;73.93;1007.02;15
2018-08-27 15:44:36.087071;11;21.11;71.24;1006.97;15
2018-08-27 15:44:37.102324;1;20.72;74.71;1007.3;16
2018-08-27 15:44:37.337178;2;20.65;74.61;1006.97;16
2018-08-27 15:44:37.571442;3;20.73;75.28;1006.94;16
2018-08-27 15:44:37.806753;4;20.89;75.53;1006.97;16
2018-08-27 15:44:38.041175;5;21.02;73.95;1007.23;16
2018-08-27 15:44:38.275472;6;20.75;74.84;1006.99;16
2018-08-27 15:44:38.510853;7;20.67;76.62;1006.95;16
2018-08-27 15:44:38.744791;8;20.64;73.81;1006.86;16
2018-08-27 15:44:38.979587;9;21.06;74.32;1006.8;16
2018-08-27 15:44:39.214057;10;20.76;74.44;1006.92;16
2018-08-27 15:44:39.960475;11;21.05;71.82;1007.02;16
2018-08-27 15:44:40.977885;1;20.68;75.02;1007.16;17
2018-08-27 15:44:41.212846;2;20.62;74.86;1006.94;17
2018-08-27 15:44:41.447627;3;20.69;75.51;1006.97;17
2018-08-27 15:44:41.681750;4;20.86;75.68;1006.8;17
2018-08-27 15:44:41.917642;5;20.98;74.16;1007.23;17
2018-08-27 15:44:42.151547;6;20.71;74.97;1006.89;17
2018-08-27 15:44:42.386370;7;20.63;76.82;1006.94;17
2018-08-27 15:44:42.620263;8;20.61;73.93;1006.84;17
2018-08-27 15:44:42.855755;9;21.01;74.57;1006.86;17
2018-08-27 15:44:43.089910;10;20.71;74.7;1007.12;17
2018-08-27 15:44:43.879695;11;21.0;72.15;1003.74;17
2018-08-27 15:44:44.894734;1;20.66;75.23;1007.29;18
2018-08-27 15:44:45.128874;2;20.59;75.11;1006.95;18
2018-08-27 15:44:45.364401;3;20.68;75.73;1006.94;18
2018-08-27 15:44:45.598086;4;20.85;75.85;1006.96;18
2018-08-27 15:44:45.833144;5;20.98;74.42;1007.23;18
2018-08-27 15:44:46.068962;6;20.71;75.21;1006.96;18
2018-08-27 15:44:46.302298;7;20.63;77.1;1007.03;18
2018-08-27 15:44:46.537069;8;20.63;74.19;1006.76;18
2018-08-27 15:44:46.771530;9;21.01;74.88;1006.91;18
2018-08-27 15:44:47.006817;10;20.72;75.05;1007.09;18
2018-08-27 15:44:47.803261;11;20.99;72.57;1007.07;18
2018-08-27 15:44:48.820344;1;20.67;75.48;1007.18;19
2018-08-27 15:44:49.056032;2;20.61;75.34;1006.95;19
2018-08-27 15:44:49.289643;3;20.69;75.92;1006.97;19
2018-08-27 15:44:49.525938;4;20.87;76.04;1006.9;19
2018-08-27 15:44:49.759701;5;20.99;74.62;1007.29;19
2018-08-27 15:44:49.994042;6;20.73;75.42;1006.96;19
2018-08-27 15:44:50.228804;7;20.64;77.3;1007.07;19
2018-08-27 15:44:50.463318;8;20.65;74.28;1006.83;19
2018-08-27 15:44:50.698193;9;21.04;75.0;1006.81;19
2018-08-27 15:44:50.933447;10;20.74;75.12;1007.09;19
2018-08-27 15:44:51.736752;11;20.6;72.53;1006.4;19
2018-08-27 15:44:52.751755;1;20.68;75.5;1007.2;20
2018-08-27 15:44:52.986899;2;20.63;75.3;1006.94;20
2018-08-27 15:44:53.221578;3;20.72;75.89;1007.04;20
2018-08-27 15:44:53.456009;4;20.89;76.01;1006.89;20
2018-08-27 15:44:53.691829;5;21.01;74.6;1007.31;20
2018-08-27 15:44:53.924861;6;20.75;75.39;1006.89;20
2018-08-27 15:44:54.160043;7;20.66;77.32;1007.09;20
2018-08-27 15:44:54.394089;8;20.67;74.3;1006.8;20
2018-08-27 15:44:54.629329;9;21.03;75.13;1006.81;20
2018-08-27 15:44:54.864340;10;20.74;75.23;1007.1;20
2018-08-27 15:44:56.150073;11;21.0;72.79;1003.9;20
2018-08-27 15:44:57.166632;1;20.71;75.72;1007.22;21
2018-08-27 15:44:57.400519;2;20.65;75.52;1006.98;21
2018-08-27 15:44:57.634733;3;20.75;76.12;1007.0;21
2018-08-27 15:44:57.870043;4;20.93;76.21;1006.84;21
2018-08-27 15:44:58.104778;5;21.04;74.79;1007.21;21
2018-08-27 15:44:58.339494;6;20.78;75.58;1006.93;21
2018-08-27 15:44:58.573932;7;20.69;77.55;1007.01;21
2018-08-27 15:44:58.808593;8;20.71;74.43;1006.93;21
2018-08-27 15:44:59.043364;9;21.05;75.33;1006.87;21
2018-08-27 15:44:59.277422;10;20.76;75.39;1007.09;21
2018-08-27 15:45:00.025955;11;21.01;72.97;1006.99;21
2018-08-27 15:45:01.043658;1;20.74;75.84;1007.21;22
2018-08-27 15:45:01.278151;2;20.68;75.62;1006.93;22
2018-08-27 15:45:01.513644;3;20.78;76.19;1006.99;22
2018-08-27 15:45:01.747762;4;20.96;76.25;1006.96;22
2018-08-27 15:45:01.982244;5;21.06;74.87;1007.41;22
2018-08-27 15:45:02.217359;6;20.8;75.64;1006.97;22
2018-08-27 15:45:02.451545;7;20.73;77.62;1007.09;22
2018-08-27 15:45:02.686017;8;20.73;74.49;1006.93;22
2018-08-27 15:45:02.921487;9;21.07;75.42;1006.91;22
2018-08-27 15:45:03.155288;10;20.79;75.47;1007.09;22
2018-08-27 15:45:03.913309;11;21.03;73.07;1007.0;22
2018-08-27 15:45:04.929371;1;20.76;75.81;1007.26;23
2018-08-27 15:45:05.164606;2;20.71;75.6;1006.84;23
2018-08-27 15:45:05.398985;3;20.8;76.08;1006.99;23
2018-08-27 15:45:05.634032;4;20.99;76.13;1006.88;23
2018-08-27 15:45:05.868608;5;21.1;74.77;1007.28;23
2018-08-27 15:45:06.102803;6;20.84;75.56;1006.94;23
2018-08-27 15:45:06.338202;7;20.75;77.52;1007.07;23
2018-08-27 15:45:06.572084;8;20.77;74.37;1006.82;23
2018-08-27 15:45:06.807576;9;21.1;75.36;1006.89;23
2018-08-27 15:45:07.041352;10;20.81;75.42;1007.03;23
2018-08-27 15:45:07.843278;11;21.04;73.07;1007.01;23
2018-08-27 15:45:08.859136;1;20.79;75.8;1007.18;24
2018-08-27 15:45:09.093627;2;20.74;75.57;1006.96;24
2018-08-27 15:45:09.329573;3;20.82;76.05;1007.02;24
2018-08-27 15:45:09.563495;4;21.01;76.08;1006.87;24
2018-08-27 15:45:09.798069;5;21.12;74.74;1007.3;24
2018-08-27 15:45:10.032537;6;20.85;75.46;1006.96;24
2018-08-27 15:45:10.267489;7;20.77;77.49;1007.02;24
2018-08-27 15:45:10.501441;8;20.79;74.34;1006.81;24
2018-08-27 15:45:10.736720;9;21.11;75.35;1006.83;24
2018-08-27 15:45:10.970782;10;20.83;75.39;1007.1;24
2018-08-27 15:45:11.776926;11;21.05;73.07;1007.03;24
2018-08-27 15:45:12.794950;1;20.8;75.77;1007.23;25
2018-08-27 15:45:13.029232;2;20.75;75.54;1006.93;25
2018-08-27 15:45:13.263638;3;20.84;76.03;1006.99;25
2018-08-27 15:45:13.498106;4;21.03;76.06;1006.84;25
2018-08-27 15:45:13.732959;5;21.13;74.74;1007.19;25
2018-08-27 15:45:13.967692;6;20.87;75.5;1006.96;25
2018-08-27 15:45:14.203181;7;20.79;77.51;1007.02;25
2018-08-27 15:45:14.437734;8;20.82;74.36;1006.84;25
2018-08-27 15:45:14.671967;9;21.13;75.37;1006.81;25
2018-08-27 15:45:14.906960;10;20.84;75.42;1007.04;25
2018-08-27 15:45:15.717230;11;21.06;73.17;1007.03;25
2018-08-27 15:45:16.735645;1;20.8;75.9;1007.25;26
2018-08-27 15:45:16.971838;2;20.74;75.65;1006.92;26
2018-08-27 15:45:17.205929;3;20.83;76.2;1007.02;26
2018-08-27 15:45:17.440627;4;21.02;76.22;1006.82;26
2018-08-27 15:45:17.675026;5;21.12;74.89;1007.32;26
2018-08-27 15:45:17.909379;6;20.85;75.66;1006.86;26
2018-08-27 15:45:18.143744;7;20.77;77.66;1007.09;26
2018-08-27 15:45:18.378351;8;20.79;74.5;1006.8;26
2018-08-27 15:45:18.612865;9;21.1;75.56;1006.87;26
2018-08-27 15:45:18.848140;10;20.82;75.61;1007.1;26
2018-08-27 15:45:19.651296;11;20.42;73.31;1006.11;26
2018-08-27 15:45:20.666310;1;20.78;76.12;1007.15;27
2018-08-27 15:45:20.901108;2;20.74;75.89;1006.98;27
2018-08-27 15:45:21.559239;3;20.83;76.49;1006.98;27
2018-08-27 15:45:21.794205;4;21.01;76.61;1006.83;27
2018-08-27 15:45:22.029276;5;21.11;75.27;1007.24;27
2018-08-27 15:45:22.263451;6;20.84;76.07;1006.93;27
2018-08-27 15:45:22.498536;7;20.75;78.05;1006.93;27
2018-08-27 15:45:22.732900;8;20.79;74.88;1006.78;27
2018-08-27 15:45:22.967591;9;21.09;75.96;1006.85;27
2018-08-27 15:45:23.201928;10;20.81;75.94;1007.02;27
2018-08-27 15:45:23.585232;11;21.03;73.68;1004.11;27
2018-08-27 15:45:24.583874;1;20.77;76.36;1007.14;28
2018-08-27 15:45:24.818805;2;20.73;76.09;1006.92;28
2018-08-27 15:45:25.054413;3;20.8;76.69;1006.88;28
2018-08-27 15:45:25.287683;4;21.0;76.7;1006.84;28
2018-08-27 15:45:25.522508;5;21.09;75.34;1007.24;28
2018-08-27 15:45:25.756933;6;20.82;76.17;1006.89;28
2018-08-27 15:45:25.991738;7;20.74;78.2;1007.03;28
2018-08-27 15:45:26.226263;8;20.78;74.98;1006.83;28
2018-08-27 15:45:26.462336;9;21.08;76.14;1006.83;28
2018-08-27 15:45:26.695526;10;20.8;76.13;1007.05;28
2018-08-27 15:45:27.500982;11;21.02;73.87;1007.0;28
2018-08-27 15:45:28.502714;1;20.76;76.67;1007.18;29
2018-08-27 15:45:28.737736;2;20.72;76.41;1006.87;29
2018-08-27 15:45:28.973033;3;20.81;77.13;1006.91;29
2018-08-27 15:45:29.207194;4;21.0;77.16;1006.83;29
2018-08-27 15:45:29.441485;5;21.11;75.72;1007.21;29
2018-08-27 15:45:29.676325;6;20.84;76.6;1006.93;29
2018-08-27 15:45:29.911270;7;20.74;78.63;1007.05;29
2018-08-27 15:45:30.145581;8;20.78;75.42;1006.76;29
2018-08-27 15:45:30.381166;9;21.08;76.51;1006.83;29
2018-08-27 15:45:30.614811;10;20.82;76.45;1007.04;29
2018-08-27 15:45:31.421855;11;21.04;74.16;1004.99;29
2018-08-27 15:45:32.423643;1;20.74;76.93;1007.17;30
2018-08-27 15:45:32.658755;2;20.72;76.61;1006.94;30
2018-08-27 15:45:32.893371;3;20.79;77.34;1006.95;30
2018-08-27 15:45:33.127579;4;20.98;77.36;1006.92;30
2018-08-27 15:45:33.362629;5;21.08;75.93;1007.28;30
2018-08-27 15:45:33.915056;6;20.83;76.79;1006.95;30
2018-08-27 15:45:34.150134;7;20.72;78.89;1007.09;30
2018-08-27 15:45:34.384968;8;20.77;75.63;1006.8;30
2018-08-27 15:45:34.619604;9;21.06;76.79;1006.94;30
2018-08-27 15:45:34.854188;10;20.79;76.73;1007.14;30
2018-08-27 15:45:35.287505;11;21.01;74.44;1006.99;30
2018-08-27 15:45:36.287613;1;20.74;77.22;1007.23;31
2018-08-27 15:45:36.522147;2;20.71;76.84;1006.99;31
2018-08-27 15:45:36.756431;3;20.79;77.58;1007.03;31
2018-08-27 15:45:36.992313;4;20.99;77.56;1006.86;31
2018-08-27 15:45:37.226666;5;21.08;76.13;1007.3;31
2018-08-27 15:45:37.461887;6;20.82;76.97;1007.02;31
2018-08-27 15:45:37.695975;7;20.72;79.02;1007.12;31
2018-08-27 15:45:37.930601;8;20.76;75.74;1006.79;31
2018-08-27 15:45:38.165762;9;21.07;76.85;1006.97;31
2018-08-27 15:45:38.399983;10;20.79;76.81;1007.13;31
2018-08-27 15:45:39.145868;11;21.0;74.64;1006.4;31
2018-08-27 15:45:40.163360;1;20.75;77.36;1007.2;32
2018-08-27 15:45:40.398463;2;20.71;77.01;1007.03;32
2018-08-27 15:45:40.632910;3;20.8;77.67;1007.01;32
2018-08-27 15:45:40.867702;4;20.99;77.66;1006.82;32
2018-08-27 15:45:41.102106;5;21.07;76.26;1007.21;32
2018-08-27 15:45:41.337038;6;20.82;77.1;1006.96;32
2018-08-27 15:45:41.571093;7;20.73;79.09;1007.09;32
2018-08-27 15:45:41.805930;8;20.76;75.73;1006.83;32
2018-08-27 15:45:42.040498;9;21.07;76.86;1006.93;32
2018-08-27 15:45:42.274914;10;20.78;76.83;1007.13;32
2018-08-27 15:45:43.022637;11;20.97;74.5;1006.1;32
2018-08-27 15:45:44.039392;1;20.72;77.19;1007.2;33
2018-08-27 15:45:44.274401;2;20.69;76.86;1006.94;33
2018-08-27 15:45:44.509728;3;20.77;77.53;1006.97;33
2018-08-27 15:45:44.743453;4;20.96;77.57;1006.94;33
2018-08-27 15:45:44.978250;5;21.05;76.23;1007.28;33
2018-08-27 15:45:45.212762;6;20.81;77.05;1006.91;33
2018-08-27 15:45:45.447760;7;20.69;79.13;1006.96;33
2018-08-27 15:45:45.681880;8;20.74;75.84;1006.8;33
2018-08-27 15:45:45.917042;9;21.04;77.01;1006.9;33
2018-08-27 15:45:46.151594;10;20.76;76.97;1007.01;33
2018-08-27 15:45:46.903227;11;20.98;74.68;1006.32;33
2018-08-27 15:45:47.921707;1;20.72;77.34;1007.21;34
2018-08-27 15:45:48.156255;2;20.69;77.01;1006.88;34
2018-08-27 15:45:48.391626;3;20.76;77.66;1007.03;34
2018-08-27 15:45:48.626269;4;20.95;77.7;1006.82;34
2018-08-27 15:45:48.861014;5;21.05;76.31;1007.28;34
2018-08-27 15:45:49.095088;6;20.8;77.11;1006.99;34
2018-08-27 15:45:49.329721;7;20.68;79.24;1007.02;34
2018-08-27 15:45:49.564445;8;20.72;75.99;1006.87;34
2018-08-27 15:45:49.799244;9;21.03;77.1;1006.86;34
2018-08-27 15:45:50.033933;10;20.76;77.05;1007.11;34
2018-08-27 15:45:50.839171;11;20.96;74.84;1007.01;34
2018-08-27 15:45:51.856215;1;20.71;77.55;1007.22;35
2018-08-27 15:45:52.091065;2;20.66;77.19;1006.96;35
2018-08-27 15:45:52.325864;3;20.75;77.82;1006.93;35
2018-08-27 15:45:52.560948;4;20.93;77.87;1006.89;35
2018-08-27 15:45:52.795146;5;21.03;76.47;1007.29;35
2018-08-27 15:45:53.030727;6;20.78;77.25;1006.93;35
2018-08-27 15:45:53.265055;7;20.67;79.32;1007.09;35
2018-08-27 15:45:53.499803;8;20.7;76.04;1006.88;35
2018-08-27 15:45:53.734160;9;21.01;77.13;1006.78;35
2018-08-27 15:45:53.968950;10;20.73;77.13;1007.07;35
2018-08-27 15:45:54.773669;11;20.92;74.87;1005.88;35
2018-08-27 15:45:55.791498;1;20.68;77.7;1007.17;36
2018-08-27 15:45:56.025655;2;20.64;77.34;1006.97;36
2018-08-27 15:45:56.260390;3;20.72;77.99;1006.95;36
2018-08-27 15:45:56.494993;4;20.91;78.01;1006.96;36
2018-08-27 15:45:56.730075;5;21.0;76.57;1007.26;36
2018-08-27 15:45:56.963778;6;20.74;77.34;1006.97;36
2018-08-27 15:45:57.199508;7;20.63;79.3;1007.1;36
2018-08-27 15:45:57.434117;8;20.66;75.95;1006.83;36
2018-08-27 15:45:57.669149;9;20.96;77.07;1006.92;36
2018-08-27 15:45:57.903588;10;20.67;77.07;1007.09;36
2018-08-27 15:45:58.707452;11;20.87;74.81;1003.88;36
2018-08-27 15:45:59.723552;1;20.62;77.46;1007.14;37
2018-08-27 15:45:59.959102;2;20.59;77.1;1006.91;37
2018-08-27 15:46:00.193847;3;20.67;77.69;1006.95;37
2018-08-27 15:46:00.428487;4;20.86;77.7;1006.91;37
2018-08-27 15:46:00.663149;5;20.94;76.43;1007.2;37
2018-08-27 15:46:00.897542;6;20.69;77.2;1007.0;37
2018-08-27 15:46:01.132226;7;20.59;79.28;1007.03;37
2018-08-27 15:46:01.367135;8;20.62;76.01;1006.8;37
2018-08-27 15:46:01.601606;9;20.93;77.21;1006.96;37
2018-08-27 15:46:01.835956;10;20.64;77.16;1007.06;37
2018-08-27 15:46:02.638613;11;20.84;74.96;1007.14;37
2018-08-27 15:46:03.652955;1;20.59;77.62;1007.19;38
2018-08-27 15:46:03.887491;2;20.56;77.29;1006.8;38
2018-08-27 15:46:04.122753;3;20.65;77.91;1006.95;38
2018-08-27 15:46:04.357183;4;20.83;77.93;1006.93;38
2018-08-27 15:46:04.592095;5;20.92;76.63;1007.22;38
2018-08-27 15:46:04.826512;6;20.65;77.42;1006.91;38
2018-08-27 15:46:05.060825;7;20.55;79.51;1007.03;38
2018-08-27 15:46:05.296450;8;20.6;76.25;1006.82;38
2018-08-27 15:46:05.530574;9;20.89;77.44;1006.87;38
2018-08-27 15:46:05.764997;10;20.61;77.41;1007.14;38
2018-08-27 15:46:06.565468;11;20.81;75.14;1007.02;38
2018-08-27 15:46:07.567347;1;20.57;77.74;1007.12;39
2018-08-27 15:46:07.802444;2;20.53;77.41;1006.99;39
2018-08-27 15:46:08.037027;3;20.63;78.01;1007.01;39
2018-08-27 15:46:08.271767;4;20.82;78.1;1006.86;39
2018-08-27 15:46:08.506511;5;20.9;76.76;1007.29;39
2018-08-27 15:46:08.741152;6;20.64;77.57;1006.98;39
2018-08-27 15:46:08.975240;7;20.55;79.61;1007.09;39
2018-08-27 15:46:09.210578;8;20.6;76.44;1006.83;39
2018-08-27 15:46:09.445232;9;20.91;77.51;1006.98;39
2018-08-27 15:46:09.679335;10;20.62;77.57;1007.1;39
2018-08-27 15:46:10.485459;11;20.8;75.4;1004.56;39
2018-08-27 15:46:11.487669;1;20.58;77.99;1007.2;40
2018-08-27 15:46:11.722570;2;20.54;77.66;1006.93;40
2018-08-27 15:46:11.957635;3;20.65;78.3;1007.02;40
2018-08-27 15:46:12.192417;4;20.83;78.37;1006.89;40
2018-08-27 15:46:12.426782;5;20.9;77.04;1007.4;40
2018-08-27 15:46:12.661235;6;20.65;77.85;1007.03;40
2018-08-27 15:46:12.895901;7;20.55;79.91;1007.18;40
2018-08-27 15:46:13.130276;8;20.59;76.61;1006.83;40
2018-08-27 15:46:13.365376;9;20.89;77.77;1006.92;40
2018-08-27 15:46:13.599701;10;20.6;77.77;1007.14;40
2018-08-27 15:46:14.406802;11;20.8;75.61;1007.18;40
2018-08-27 15:46:15.408400;1;20.58;78.16;1007.3;41
2018-08-27 15:46:15.643336;2;20.54;77.84;1006.93;41
2018-08-27 15:46:15.878401;3;20.64;78.42;1007.11;41
2018-08-27 15:46:16.112688;4;20.83;78.51;1006.83;41
2018-08-27 15:46:16.347309;5;20.9;77.2;1007.48;41
2018-08-27 15:46:16.581494;6;20.64;77.99;1007.0;41
2018-08-27 15:46:16.816243;7;20.55;80.07;1007.21;41
2018-08-27 15:46:17.051194;8;20.59;76.69;1006.86;41
2018-08-27 15:46:17.285595;9;20.89;77.86;1007.08;41
2018-08-27 15:46:17.520899;10;20.6;77.82;1007.15;41
2018-08-27 15:46:18.757559;11;20.78;75.52;1007.12;41
2018-08-27 15:46:19.772925;1;20.55;77.73;1007.17;42
2018-08-27 15:46:20.007981;2;20.51;77.3;1007.01;42
2018-08-27 15:46:20.242621;3;20.61;77.65;1006.93;42
2018-08-27 15:46:20.476705;4;20.79;77.55;1006.89;42
2018-08-27 15:46:20.711559;5;20.84;76.3;1007.22;42
2018-08-27 15:46:20.946050;6;20.6;76.79;1006.93;42
2018-08-27 15:46:21.181494;7;20.5;79.11;1006.97;42
2018-08-27 15:46:21.416289;8;20.54;75.72;1006.84;42
2018-08-27 15:46:21.650616;9;20.83;76.85;1006.86;42
2018-08-27 15:46:21.885658;10;20.55;76.79;1007.11;42
2018-08-27 15:46:22.688238;11;20.71;74.34;1005.85;42
2018-08-27 15:46:23.709839;1;20.47;76.75;1007.13;43
2018-08-27 15:46:23.945384;2;20.43;76.38;1006.95;43
2018-08-27 15:46:24.179484;3;20.52;76.57;1006.97;43
2018-08-27 15:46:24.414890;4;20.7;76.53;1006.82;43
2018-08-27 15:46:24.649380;5;20.77;75.47;1007.38;43
2018-08-27 15:46:24.883262;6;20.51;75.96;1006.91;43
2018-08-27 15:46:25.119450;7;20.41;78.31;1007.07;43
2018-08-27 15:46:25.353431;8;20.46;75.1;1006.8;43
2018-08-27 15:46:25.588071;9;20.72;76.5;1006.84;43
2018-08-27 15:46:25.822330;10;20.46;76.42;1007.1;43
2018-08-27 15:46:26.623216;11;20.65;74.47;1004.35;43
2018-08-27 15:46:27.636174;1;20.45;77.33;1007.09;44
2018-08-27 15:46:27.871547;2;20.38;76.97;1006.81;44
2018-08-27 15:46:28.105445;3;20.51;77.45;1006.9;44
2018-08-27 15:46:28.341104;4;20.69;77.5;1006.86;44
2018-08-27 15:46:28.575225;5;20.73;76.39;1007.29;44
2018-08-27 15:46:28.809726;6;20.49;77.14;1007.05;44
2018-08-27 15:46:29.044373;7;20.39;79.23;1007.06;44
2018-08-27 15:46:29.279187;8;20.45;76.02;1006.81;44
2018-08-27 15:46:29.960424;9;20.72;77.35;1007.09;44
2018-08-27 15:46:30.195404;10;20.45;77.26;1007.24;44
2018-08-27 15:46:30.559424;11;20.63;75.1;1003.27;44
2018-08-27 15:46:31.559791;1;20.43;77.6;1007.13;45
2018-08-27 15:46:31.794711;2;20.37;77.33;1006.99;45
2018-08-27 15:46:32.029456;3;20.49;77.76;1006.95;45
2018-08-27 15:46:32.264039;4;20.67;77.82;1006.85;45
2018-08-27 15:46:32.498409;5;20.71;76.69;1007.43;45
2018-08-27 15:46:32.733291;6;20.46;77.35;1006.97;45
2018-08-27 15:46:32.968152;7;20.37;79.46;1007.08;45
2018-08-27 15:46:33.202617;8;20.42;76.09;1006.84;45
2018-08-27 15:46:33.437328;9;20.69;77.42;1006.98;45
2018-08-27 15:46:33.672377;10;20.42;77.33;1007.04;45
2018-08-27 15:46:34.479622;11;20.59;75.16;1007.02;45
2018-08-27 15:46:35.479617;1;20.41;77.54;1007.16;46
2018-08-27 15:46:35.714127;2;20.34;77.31;1006.88;46
2018-08-27 15:46:35.950459;3;20.47;77.66;1007.12;46
2018-08-27 15:46:36.184117;4;20.66;77.72;1006.98;46
2018-08-27 15:46:36.418557;5;20.68;76.67;1007.26;46
2018-08-27 15:46:36.653427;6;20.45;77.34;1007.02;46
2018-08-27 15:46:36.887843;7;20.34;79.4;1007.1;46
2018-08-27 15:46:37.122352;8;20.41;76.01;1006.82;46
2018-08-27 15:46:37.357354;9;20.66;77.35;1006.92;46
2018-08-27 15:46:37.591946;10;20.39;77.26;1007.13;46
2018-08-27 15:46:38.384110;11;20.57;75.1;1004.02;46
2018-08-27 15:46:39.386169;1;20.37;77.39;1007.35;47
2018-08-27 15:46:39.621553;2;20.31;77.17;1006.98;47
2018-08-27 15:46:39.856429;3;20.44;77.49;1006.94;47
2018-08-27 15:46:40.090699;4;20.63;77.56;1007.0;47
2018-08-27 15:46:40.324986;5;20.65;76.6;1007.3;47
2018-08-27 15:46:40.559865;6;20.42;77.25;1006.92;47
2018-08-27 15:46:40.794745;7;20.31;79.38;1007.15;47
2018-08-27 15:46:41.029249;8;20.37;76.07;1006.85;47
2018-08-27 15:46:41.263497;9;20.64;77.44;1006.94;47
2018-08-27 15:46:41.499188;10;20.37;77.34;1007.19;47
2018-08-27 15:46:42.247982;11;20.49;75.24;1007.07;47
2018-08-27 15:46:43.252411;1;20.37;77.71;1007.32;48
2018-08-27 15:46:43.487258;2;20.3;77.49;1006.99;48
2018-08-27 15:46:43.721740;3;20.45;77.93;1007.04;48
2018-08-27 15:46:43.957436;4;20.63;78.02;1006.91;48
2018-08-27 15:46:44.191988;5;20.65;76.96;1007.28;48
2018-08-27 15:46:44.426409;6;20.43;77.65;1007.03;48
2018-08-27 15:46:44.660620;7;20.32;79.79;1007.07;48
2018-08-27 15:46:44.895217;8;20.39;76.49;1006.8;48
2018-08-27 15:46:45.130047;9;20.64;77.84;1007.05;48
2018-08-27 15:46:45.365717;10;20.38;77.73;1007.13;48
2018-08-27 15:46:46.122795;11;20.26;75.67;1006.61;48
2018-08-27 15:46:47.134710;1;20.4;78.11;1007.2;49
2018-08-27 15:46:47.369207;2;20.33;77.87;1007.0;49
2018-08-27 15:46:47.604436;3;20.47;78.35;1007.04;49
2018-08-27 15:46:47.839273;4;20.66;78.45;1006.82;49
2018-08-27 15:46:48.073333;5;20.7;77.42;1007.38;49
2018-08-27 15:46:48.308820;6;20.47;78.06;1007.01;49
2018-08-27 15:46:48.542641;7;20.36;80.16;1007.08;49
2018-08-27 15:46:48.777420;8;20.42;76.73;1006.93;49
2018-08-27 15:46:49.011892;9;20.7;78.07;1006.87;49
2018-08-27 15:46:49.246721;10;20.43;78.01;1007.05;49
2018-08-27 15:46:49.996545;11;20.61;75.96;1007.11;49
2018-08-27 15:46:51.009864;1;20.44;78.17;1007.3;50
2018-08-27 15:46:51.244669;2;20.38;77.96;1006.99;50
2018-08-27 15:46:51.479153;3;20.52;78.36;1006.95;50
2018-08-27 15:46:51.713961;4;20.7;78.43;1007.01;50
2018-08-27 15:46:51.949301;5;20.75;77.36;1007.38;50
2018-08-27 15:46:52.184457;6;20.53;78.0;1006.93;50
2018-08-27 15:46:52.418697;7;20.41;80.15;1007.13;50
2018-08-27 15:46:52.652932;8;20.45;76.68;1006.91;50
2018-08-27 15:46:52.887329;9;20.74;78.05;1006.91;50
2018-08-27 15:46:53.122441;10;20.48;78.08;1007.21;50
2018-08-27 15:46:53.882244;11;20.59;75.97;1006.89;50
2018-08-27 15:46:54.898995;1;20.49;78.16;1007.13;51
2018-08-27 15:46:55.132759;2;20.43;77.93;1006.85;51
2018-08-27 15:46:55.368267;3;20.56;78.33;1006.93;51
2018-08-27 15:46:55.602076;4;20.74;78.45;1006.79;51
2018-08-27 15:46:55.837232;5;20.81;77.28;1007.22;51
2018-08-27 15:46:56.072011;6;20.58;77.84;1006.87;51
2018-08-27 15:46:56.307091;7;20.46;80.09;1007.04;51
2018-08-27 15:46:56.541971;8;20.51;76.69;1006.79;51
2018-08-27 15:46:56.775980;9;20.8;77.99;1006.88;51
2018-08-27 15:46:57.010484;10;20.53;77.95;1007.06;51
2018-08-27 15:46:57.805624;11;20.72;75.88;1007.01;51
2018-08-27 15:46:58.818517;1;20.54;78.23;1007.17;52
2018-08-27 15:46:59.053602;2;20.5;78.0;1006.93;52
2018-08-27 15:46:59.287768;3;20.61;78.39;1006.96;52
2018-08-27 15:46:59.522982;4;20.8;78.45;1006.89;52
2018-08-27 15:46:59.757092;5;20.88;77.3;1007.22;52
2018-08-27 15:46:59.991846;6;20.63;77.84;1007.01;52
2018-08-27 15:47:00.226359;7;20.52;80.06;1007.08;52
2018-08-27 15:47:00.462138;8;20.55;76.61;1006.79;52
2018-08-27 15:47:00.697563;9;20.85;77.83;1006.89;52
2018-08-27 15:47:00.931069;10;20.59;77.86;1007.06;52
2018-08-27 15:47:01.730399;11;20.77;75.66;1004.74;52
2018-08-27 15:47:02.745178;1;20.57;77.85;1007.33;53
2018-08-27 15:47:02.979985;2;20.53;77.58;1006.93;53
2018-08-27 15:47:03.214450;3;20.63;77.83;1007.01;53
2018-08-27 15:47:03.449901;4;20.81;77.85;1006.88;53
2018-08-27 15:47:03.684249;5;20.9;76.67;1007.41;53
2018-08-27 15:47:03.918918;6;20.64;77.18;1006.96;53
2018-08-27 15:47:04.153471;7;20.53;79.43;1007.02;53
2018-08-27 15:47:04.388227;8;20.54;75.97;1006.8;53
2018-08-27 15:47:04.622350;9;20.84;77.23;1006.92;53
2018-08-27 15:47:04.857801;10;20.58;77.15;1007.05;53
2018-08-27 15:47:05.659870;11;20.77;75.03;1007.04;53
2018-08-27 15:47:07.122701;1;20.55;77.56;1007.3;54
2018-08-27 15:47:07.357584;2;20.51;77.26;1006.84;54
2018-08-27 15:47:07.592356;3;20.62;77.64;1007.13;54
2018-08-27 15:47:07.826875;4;20.8;77.68;1006.78;54
2018-08-27 15:47:08.062068;5;20.9;76.47;1007.36;54
2018-08-27 15:47:08.296133;6;20.64;77.09;1006.91;54
2018-08-27 15:47:08.530931;7;20.52;79.27;1007.09;54
2018-08-27 15:47:08.765353;8;20.54;76.0;1006.76;54
2018-08-27 15:47:09.000631;9;20.84;77.27;1006.94;54
2018-08-27 15:47:09.234799;10;20.59;77.12;1007.06;54
2018-08-27 15:47:09.986195;11;20.78;74.97;1007.07;54
2018-08-27 15:47:11.003041;1;20.54;77.38;1007.18;55
2018-08-27 15:47:11.238153;2;20.5;77.01;1007.01;55
2018-08-27 15:47:11.472171;3;20.6;77.3;1006.94;55
2018-08-27 15:47:11.706613;4;20.78;77.25;1006.92;55
2018-08-27 15:47:11.941542;5;20.86;76.06;1007.24;55
2018-08-27 15:47:12.175873;6;20.61;76.62;1006.91;55
2018-08-27 15:47:12.410883;7;20.5;78.89;1007.14;55
2018-08-27 15:47:12.644606;8;20.52;75.51;1006.79;55
2018-08-27 15:47:12.879447;9;20.8;76.79;1006.91;55
2018-08-27 15:47:13.114314;10;20.55;76.61;1007.07;55
2018-08-27 15:47:13.877706;11;20.74;74.37;1007.02;55
2018-08-27 15:47:14.891063;1;20.48;76.94;1007.24;56
2018-08-27 15:47:15.126261;2;20.44;76.61;1006.93;56
2018-08-27 15:47:15.360393;3;20.54;76.96;1006.93;56
2018-08-27 15:47:15.594788;4;20.73;77.04;1006.91;56
2018-08-27 15:47:15.829468;5;20.82;75.79;1007.24;56
2018-08-27 15:47:16.064127;6;20.56;76.55;1006.95;56
2018-08-27 15:47:16.298562;7;20.45;78.74;1007.07;56
2018-08-27 15:47:16.533401;8;20.48;75.71;1006.83;56
2018-08-27 15:47:16.767837;9;20.76;77.08;1006.98;56
2018-08-27 15:47:17.002681;10;20.53;76.92;1007.07;56
2018-08-27 15:47:17.794507;11;20.74;74.81;1004.59;56
2018-08-27 15:47:18.809519;1;20.5;77.52;1007.27;57
2018-08-27 15:47:19.044952;2;20.46;77.18;1006.91;57
2018-08-27 15:47:19.279293;3;20.58;77.68;1006.93;57
2018-08-27 15:47:19.514262;4;20.75;77.76;1006.85;57
2018-08-27 15:47:19.748647;5;20.84;76.41;1007.26;57
2018-08-27 15:47:19.983190;6;20.57;77.23;1006.92;57
2018-08-27 15:47:20.217378;7;20.48;79.37;1007.03;57
2018-08-27 15:47:20.452227;8;20.51;76.17;1006.76;57
2018-08-27 15:47:20.686713;9;20.79;77.45;1006.81;57
2018-08-27 15:47:20.921521;10;20.54;77.16;1007.03;57
2018-08-27 15:47:21.715169;11;20.74;74.88;1006.99;57
2018-08-27 15:47:22.729686;1;20.5;77.5;1007.13;58
2018-08-27 15:47:22.964683;2;20.47;77.21;1006.94;58
2018-08-27 15:47:23.199614;3;20.57;77.63;1006.98;58
2018-08-27 15:47:23.433960;4;20.75;77.68;1006.76;58
2018-08-27 15:47:23.668277;5;20.84;76.38;1007.23;58
2018-08-27 15:47:23.902788;6;20.58;77.15;1006.83;58
2018-08-27 15:47:24.137568;7;20.47;79.25;1007.07;58
2018-08-27 15:47:24.372093;8;20.49;75.85;1007.02;58
2018-08-27 15:47:24.606883;9;20.79;77.26;1006.88;58
2018-08-27 15:47:24.841338;10;20.54;77.07;1007.11;58
2018-08-27 15:47:26.095633;11;20.67;74.84;1006.86;58
2018-08-27 15:47:27.111350;1;20.52;77.62;1007.18;59
2018-08-27 15:47:27.345837;2;20.5;77.33;1006.84;59
2018-08-27 15:47:27.581348;3;20.6;77.74;1006.88;59
2018-08-27 15:47:27.815799;4;20.77;77.77;1006.84;59
2018-08-27 15:47:28.049930;5;20.86;76.42;1007.33;59
2018-08-27 15:47:28.284754;6;20.6;77.19;1006.89;59
2018-08-27 15:47:28.519185;7;20.49;79.26;1006.99;59
2018-08-27 15:47:28.755060;8;20.52;75.96;1006.76;59
2018-08-27 15:47:28.989490;9;20.81;77.27;1006.89;59
2018-08-27 15:47:29.224046;10;20.58;77.07;1007.08;59
2018-08-27 15:47:29.974527;11;20.76;74.8;1006.97;59
2018-08-27 15:47:31.338006;1;20.53;77.32;1007.15;60
2018-08-27 15:47:31.573223;2;20.49;76.92;1006.78;60
2018-08-27 15:47:31.808026;3;20.59;77.25;1006.94;60
2018-08-27 15:47:32.042676;4;20.76;77.29;1006.86;60
2018-08-27 15:47:32.277138;5;20.86;76.04;1007.21;60
2018-08-27 15:47:32.511943;6;20.6;76.67;1006.96;60
2018-08-27 15:47:32.745875;7;20.48;78.89;1006.99;60
2018-08-27 15:47:32.981317;8;20.5;75.58;1006.78;60
2018-08-27 15:47:33.215565;9;20.79;76.87;1006.89;60
2018-08-27 15:47:33.449980;10;20.56;76.65;1007.02;60
2018-08-27 15:47:33.881045;11;20.75;74.39;1007.02;60
2018-08-27 15:47:34.894442;1;20.5;77.06;1007.13;61
2018-08-27 15:47:35.129689;2;20.47;76.74;1006.9;61
2018-08-27 15:47:35.364665;3;20.57;77.1;1006.91;61
2018-08-27 15:47:35.598937;4;20.74;77.16;1006.85;61
2018-08-27 15:47:35.833322;5;20.84;75.9;1007.19;61
2018-08-27 15:47:36.067761;6;20.59;76.65;1006.94;61
2018-08-27 15:47:36.302570;7;20.47;78.77;1007.0;61
2018-08-27 15:47:36.537044;8;20.49;75.54;1006.82;61
2018-08-27 15:47:36.771873;9;20.78;76.89;1006.88;61
2018-08-27 15:47:37.006398;10;20.56;76.66;1007.07;61
2018-08-27 15:47:37.802934;11;20.75;74.38;1006.97;61
2018-08-27 15:47:38.817320;1;20.5;77.05;1007.14;62
2018-08-27 15:47:39.052741;2;20.47;76.74;1006.85;62
2018-08-27 15:47:39.287111;3;20.56;77.14;1006.9;62
2018-08-27 15:47:39.522039;4;20.73;77.22;1006.81;62
2018-08-27 15:47:39.756298;5;20.83;75.88;1007.26;62
2018-08-27 15:47:39.990947;6;20.59;76.6;1006.91;62
2018-08-27 15:47:40.225534;7;20.45;78.73;1007.03;62
2018-08-27 15:47:40.460927;8;20.46;75.47;1006.77;62
2018-08-27 15:47:40.694849;9;20.76;76.81;1006.92;62
2018-08-27 15:47:40.929267;10;20.54;76.55;1006.98;62
2018-08-27 15:47:41.727089;11;20.73;74.32;1006.96;62
2018-08-27 15:47:42.739529;1;20.48;76.91;1007.27;63
2018-08-27 15:47:42.974646;2;20.45;76.66;1006.87;63
2018-08-27 15:47:43.210065;3;20.55;76.91;1006.91;63
2018-08-27 15:47:43.444087;4;20.71;77.06;1006.83;63
2018-08-27 15:47:43.678544;5;20.82;75.87;1007.23;63
2018-08-27 15:47:43.913289;6;20.58;76.66;1006.57;63
2018-08-27 15:47:44.147659;7;20.45;78.77;1007.0;63
2018-08-27 15:47:44.382763;8;20.47;75.59;1006.81;63
2018-08-27 15:47:44.616694;9;20.77;76.95;1006.86;63
2018-08-27 15:47:44.851503;10;20.54;76.76;1007.07;63
2018-08-27 15:47:45.648780;11;20.73;74.42;1005.74;63
2018-08-27 15:47:46.662426;1;20.49;77.14;1007.18;64
2018-08-27 15:47:46.897118;2;20.46;76.81;1007.05;64
2018-08-27 15:47:47.131736;3;20.56;77.18;1006.91;64
2018-08-27 15:47:47.366204;4;20.72;77.26;1006.95;64
2018-08-27 15:47:47.601036;5;20.8;75.99;1007.17;64
2018-08-27 15:47:47.835495;6;20.57;76.67;1006.94;64
2018-08-27 15:47:48.070355;7;20.44;78.8;1007.1;64
2018-08-27 15:47:48.305146;8;20.46;75.53;1006.83;64
2018-08-27 15:47:48.539596;9;20.74;76.81;1006.85;64
2018-08-27 15:47:48.774424;10;20.52;76.52;1007.14;64
2018-08-27 15:47:49.570030;11;20.71;74.33;1007.01;64
2018-08-27 15:47:51.749183;1;20.47;76.96;1007.21;65
2018-08-27 15:47:51.984305;2;20.43;76.54;1006.98;65
2018-08-27 15:47:52.218911;3;20.53;76.82;1006.93;65
2018-08-27 15:47:52.453274;4;20.7;76.98;1006.85;65
2018-08-27 15:47:52.688806;5;20.78;75.74;1007.25;65
2018-08-27 15:47:52.922671;6;20.55;76.51;1006.94;65
2018-08-27 15:47:53.157083;7;20.42;78.54;1007.04;65
2018-08-27 15:47:53.391549;8;20.44;75.33;1006.87;65
2018-08-27 15:47:53.626365;9;20.72;76.65;1006.87;65
2018-08-27 15:47:53.860837;10;20.51;76.45;1007.09;65
2018-08-27 15:47:54.480609;11;20.69;74.28;1007.04;65
2018-08-27 15:47:55.481317;1;20.44;76.76;1007.21;66
2018-08-27 15:47:55.717108;2;20.42;76.41;1006.9;66
2018-08-27 15:47:55.951384;3;20.52;76.7;1007.07;66
2018-08-27 15:47:56.185694;4;20.68;76.85;1006.83;66
2018-08-27 15:47:56.420426;5;20.75;75.68;1007.24;66
2018-08-27 15:47:56.654728;6;20.53;76.31;1006.98;66
2018-08-27 15:47:56.889521;7;20.4;78.5;1007.06;66
2018-08-27 15:47:57.124694;8;20.41;75.24;1006.88;66
2018-08-27 15:47:57.358842;9;20.7;76.61;1006.88;66
2018-08-27 15:47:57.593290;10;20.47;76.38;1007.07;66
2018-08-27 15:47:58.389764;11;20.65;74.25;1005.21;66
2018-08-27 15:47:59.391859;1;20.41;76.71;1007.16;67
2018-08-27 15:47:59.626017;2;20.41;76.4;1006.87;67
2018-08-27 15:47:59.860567;3;20.5;76.64;1006.98;67
2018-08-27 15:48:00.095062;4;20.67;76.73;1006.87;67
2018-08-27 15:48:00.329816;5;20.76;75.67;1007.23;67
2018-08-27 15:48:00.564344;6;20.54;76.23;1006.94;67
2018-08-27 15:48:00.799148;7;20.39;78.47;1007.04;67
2018-08-27 15:48:01.033632;8;20.41;75.19;1006.94;67
2018-08-27 15:48:01.268428;9;20.7;76.67;1006.87;67
2018-08-27 15:48:01.502963;10;20.48;76.38;1007.12;67
2018-08-27 15:48:02.259201;11;20.66;74.29;1007.08;67
2018-08-27 15:48:03.260963;1;20.41;76.73;1007.16;68
2018-08-27 15:48:03.495421;2;20.39;76.35;1006.91;68
2018-08-27 15:48:03.730231;3;20.49;76.65;1006.9;68
2018-08-27 15:48:03.965093;4;20.66;76.73;1006.82;68
2018-08-27 15:48:04.200014;5;20.73;75.54;1007.24;68
2018-08-27 15:48:04.434013;6;20.5;76.06;1006.9;68
2018-08-27 15:48:04.668807;7;20.36;78.4;1007.08;68
2018-08-27 15:48:04.903634;8;20.38;75.15;1006.8;68
2018-08-27 15:48:05.138107;9;20.65;76.57;1006.88;68
2018-08-27 15:48:05.374175;10;20.44;76.3;1007.13;68
2018-08-27 15:48:06.127866;11;20.62;74.28;1007.06;68
2018-08-27 15:48:07.142298;1;20.39;76.89;1007.17;69
2018-08-27 15:48:07.377558;2;20.37;76.57;1006.87;69
2018-08-27 15:48:07.612291;3;20.47;77.02;1006.93;69
2018-08-27 15:48:07.846360;4;20.65;77.18;1006.89;69
2018-08-27 15:48:08.081286;5;20.71;76.06;1007.34;69
2018-08-27 15:48:08.316485;6;20.48;76.68;1006.92;69
2018-08-27 15:48:08.550629;7;20.34;78.84;1007.02;69
2018-08-27 15:48:08.785665;8;20.36;75.6;1006.63;69
2018-08-27 15:48:09.019721;9;20.64;76.96;1006.84;69
2018-08-27 15:48:09.254596;10;20.42;76.63;1007.13;69
2018-08-27 15:48:10.007792;11;20.59;74.45;1007.05;69
2018-08-27 15:48:11.023144;1;20.35;76.73;1007.07;70
2018-08-27 15:48:11.258014;2;20.3;76.34;1006.94;70
2018-08-27 15:48:11.492473;3;20.41;76.63;1007.02;70
2018-08-27 15:48:11.727271;4;20.6;76.69;1006.83;70
2018-08-27 15:48:11.961809;5;20.62;75.71;1007.35;70
2018-08-27 15:48:12.197590;6;20.39;76.19;1007.0;70
2018-08-27 15:48:12.431077;7;20.27;78.47;1007.04;70
2018-08-27 15:48:12.665897;8;20.31;75.14;1006.77;70
2018-08-27 15:48:12.901512;9;20.55;76.62;1006.87;70
2018-08-27 15:48:13.135152;10;20.34;76.38;1007.08;70
2018-08-27 15:48:13.890421;11;20.53;74.28;1007.04;70
2018-08-27 15:48:14.907611;1;20.3;76.64;1007.16;71
2018-08-27 15:48:15.141685;2;20.22;76.32;1006.92;71
2018-08-27 15:48:15.376368;3;20.35;76.6;1006.95;71
2018-08-27 15:48:15.610719;4;20.55;76.6;1006.84;71
2018-08-27 15:48:16.284983;5;20.56;75.65;1007.21;71
2018-08-27 15:48:16.519604;6;20.31;76.16;1006.98;71
2018-08-27 15:48:16.754274;7;20.19;78.33;1007.06;71
2018-08-27 15:48:16.988913;8;20.24;75.01;1006.74;71
2018-08-27 15:48:17.224498;9;20.46;76.5;1006.83;71
2018-08-27 15:48:17.458621;10;20.25;76.25;1007.13;71
2018-08-27 15:48:17.823243;11;20.42;74.04;1007.07;71
2018-08-27 15:48:18.840353;1;20.22;76.47;1007.17;72
2018-08-27 15:48:19.075630;2;20.12;76.29;1006.96;72
2018-08-27 15:48:19.310198;3;20.25;76.6;1007.03;72
2018-08-27 15:48:19.544878;4;20.45;76.67;1006.8;72
2018-08-27 15:48:19.779274;5;20.46;75.72;1007.24;72
2018-08-27 15:48:20.013725;6;20.22;76.33;1006.92;72
2018-08-27 15:48:20.248573;7;20.11;78.48;1007.19;72
2018-08-27 15:48:20.483019;8;20.16;75.19;1006.88;72
2018-08-27 15:48:20.718022;9;20.37;76.75;1006.83;72
2018-08-27 15:48:20.952314;10;20.17;76.43;1007.16;72
2018-08-27 15:48:21.745992;11;20.33;74.29;1007.15;72
2018-08-27 15:48:22.761220;1;20.14;76.74;1007.19;73
2018-08-27 15:48:22.996729;2;20.05;76.57;1006.96;73
2018-08-27 15:48:23.231466;3;20.18;76.97;1006.93;73
2018-08-27 15:48:23.465739;4;20.38;77.02;1006.96;73
2018-08-27 15:48:23.701166;5;20.39;76.11;1007.22;73
2018-08-27 15:48:23.934624;6;20.15;76.78;1007.01;73
2018-08-27 15:48:24.169403;7;20.04;78.93;1007.14;73
2018-08-27 15:48:24.403937;8;20.11;75.67;1006.74;73
2018-08-27 15:48:24.638698;9;20.31;77.24;1006.85;73
2018-08-27 15:48:24.873186;10;20.1;76.85;1007.04;73
2018-08-27 15:48:25.667729;11;20.26;74.75;1004.02;73
2018-08-27 15:48:26.681702;1;20.11;77.15;1007.22;74
2018-08-27 15:48:26.916461;2;20.01;77.04;1006.93;74
2018-08-27 15:48:27.151046;3;20.13;77.48;1006.95;74
2018-08-27 15:48:27.385902;4;20.34;77.54;1006.9;74
2018-08-27 15:48:27.619940;5;20.35;76.58;1007.28;74
2018-08-27 15:48:27.854781;6;20.11;77.26;1006.98;74
2018-08-27 15:48:28.089542;7;20.0;79.34;1007.06;74
2018-08-27 15:48:28.324074;8;20.07;75.97;1006.74;74
2018-08-27 15:48:28.558535;9;20.29;77.56;1006.86;74
2018-08-27 15:48:28.793367;10;20.08;77.27;1007.11;74
2018-08-27 15:48:29.591657;11;20.26;75.0;1006.96;74
2018-08-27 15:48:30.592384;1;20.09;77.28;1007.2;75
2018-08-27 15:48:30.827192;2;19.99;77.06;1006.9;75
2018-08-27 15:48:31.061971;3;20.13;77.58;1006.98;75
2018-08-27 15:48:31.296479;4;20.33;77.52;1006.87;75
2018-08-27 15:48:31.531285;5;20.33;76.6;1007.26;75
2018-08-27 15:48:31.765782;6;20.1;77.23;1006.97;75
2018-08-27 15:48:32.001232;7;19.99;79.37;1007.13;75
2018-08-27 15:48:32.235582;8;20.05;75.98;1006.81;75
2018-08-27 15:48:32.470416;9;20.26;77.49;1006.86;75
2018-08-27 15:48:32.705365;10;20.03;77.21;1007.07;75
2018-08-27 15:48:33.504356;11;20.2;74.97;1005.95;75
2018-08-27 15:48:34.507426;1;20.05;77.33;1007.3;76
2018-08-27 15:48:34.742418;2;19.95;77.23;1006.85;76
2018-08-27 15:48:34.977357;3;20.1;77.63;1007.0;76
2018-08-27 15:48:35.211643;4;20.3;77.68;1006.94;76
2018-08-27 15:48:35.446010;5;20.3;76.79;1007.26;76
2018-08-27 15:48:35.680525;6;20.07;77.45;1006.98;76
2018-08-27 15:48:35.915290;7;19.96;79.55;1007.12;76
2018-08-27 15:48:36.149780;8;20.03;76.16;1006.8;76
2018-08-27 15:48:36.384594;9;20.25;77.76;1006.95;76
2018-08-27 15:48:36.619076;10;20.01;77.5;1007.07;76
2018-08-27 15:48:37.421233;11;20.19;75.33;1007.09;76
2018-08-27 15:48:38.423211;1;20.03;77.51;1007.26;77
2018-08-27 15:48:38.657700;2;19.92;77.4;1006.91;77
2018-08-27 15:48:38.893029;3;20.08;77.73;1007.02;77
2018-08-27 15:48:39.127574;4;20.28;77.79;1007.01;77
2018-08-27 15:48:39.364152;5;20.28;76.87;1007.35;77
2018-08-27 15:48:39.597166;6;20.05;77.48;1007.05;77
2018-08-27 15:48:39.831809;7;19.93;79.59;1007.24;77
2018-08-27 15:48:40.066245;8;20.01;76.12;1006.86;77
2018-08-27 15:48:40.301217;9;20.2;77.63;1007.0;77
2018-08-27 15:48:40.535173;10;19.96;77.37;1007.22;77
2018-08-27 15:48:41.292156;11;20.1;75.01;1007.08;77
2018-08-27 15:48:42.290811;1;19.93;76.95;1007.36;78
2018-08-27 15:48:42.525322;2;19.83;76.77;1006.9;78
2018-08-27 15:48:42.760204;3;19.98;76.92;1006.99;78
2018-08-27 15:48:42.995226;4;20.17;76.92;1006.88;78
2018-08-27 15:48:43.229960;5;20.15;76.17;1007.27;78
2018-08-27 15:48:43.464367;6;19.94;76.67;1006.99;78
2018-08-27 15:48:43.699045;7;19.83;78.91;1007.13;78
2018-08-27 15:48:43.933921;8;19.91;75.47;1006.81;78
2018-08-27 15:48:44.168406;9;20.1;77.17;1006.84;78
2018-08-27 15:48:44.402863;10;19.87;76.9;1007.11;78
2018-08-27 15:48:45.155667;11;20.05;74.73;1006.97;78
2018-08-27 15:48:46.170916;1;19.93;77.03;1007.28;79
2018-08-27 15:48:46.405832;2;19.83;76.9;1006.95;79
2018-08-27 15:48:46.640481;3;19.99;77.19;1006.94;79
2018-08-27 15:48:47.456051;5;20.14;76.46;1007.15;79
2018-08-27 15:48:47.690881;6;19.94;77.02;1006.99;79
2018-08-27 15:48:47.925341;7;19.8;79.21;1007.15;79
2018-08-27 15:48:48.160203;8;19.9;75.75;1006.86;79
2018-08-27 15:48:48.394976;9;20.08;77.47;1006.93;79
2018-08-27 15:48:48.629511;10;19.85;77.18;1007.15;79
2018-08-27 15:48:49.029469;11;20.03;75.03;1006.97;79
2018-08-27 15:48:50.044530;1;19.88;77.41;1007.24;80
2018-08-27 15:48:50.279338;2;19.81;77.22;1006.84;80
2018-08-27 15:48:50.514188;3;19.97;77.62;1006.97;80
2018-08-27 15:48:50.748945;4;20.15;77.69;1006.82;80
2018-08-27 15:48:50.983984;5;20.14;76.86;1007.12;80
2018-08-27 15:48:51.219168;6;19.93;77.49;1006.89;80
2018-08-27 15:48:51.453171;7;19.79;79.7;1007.13;80
2018-08-27 15:48:51.687962;8;19.9;76.22;1006.79;80
2018-08-27 15:48:51.923104;9;20.09;77.92;1006.82;80
2018-08-27 15:48:52.156482;10;19.85;77.63;1007.09;80
2018-08-27 15:48:52.908008;11;20.04;75.49;1007.02;80
2018-08-27 15:48:53.922200;1;19.9;77.79;1007.25;81
2018-08-27 15:48:54.155883;2;19.83;77.55;1006.93;81
2018-08-27 15:48:54.390785;3;19.99;78.01;1007.01;81
2018-08-27 15:48:54.626140;4;20.18;78.02;1006.95;81
2018-08-27 15:48:54.859585;5;20.17;77.14;1007.29;81
2018-08-27 15:48:55.094644;6;19.96;77.73;1006.95;81
2018-08-27 15:48:55.328945;7;19.83;79.98;1007.11;81
2018-08-27 15:48:55.563370;8;19.94;76.35;1006.83;81
2018-08-27 15:48:55.798137;9;20.13;78.01;1006.91;81
2018-08-27 15:48:56.032634;10;19.89;77.73;1007.13;81
2018-08-27 15:48:56.826824;11;20.07;75.5;1004.45;81
2018-08-27 15:48:57.841924;1;19.9;77.43;1007.17;82
2018-08-27 15:48:58.076985;2;19.84;77.23;1006.89;82
2018-08-27 15:48:58.310840;3;19.98;77.49;1006.99;82
2018-08-27 15:48:58.545873;4;20.17;77.45;1006.92;82
2018-08-27 15:48:58.781081;5;20.15;76.61;1007.37;82
2018-08-27 15:48:59.014956;6;19.95;77.12;1006.92;82
2018-08-27 15:48:59.249746;7;19.8;79.38;1007.14;82
2018-08-27 15:48:59.753137;8;19.92;75.77;1006.88;82
2018-08-27 15:48:59.988050;9;20.1;77.58;1006.91;82
2018-08-27 15:49:00.223269;10;19.87;77.3;1007.15;82
2018-08-27 15:49:00.754860;11;20.05;75.16;1007.0;82
2018-08-27 15:49:01.768535;1;19.89;77.46;1007.22;83
2018-08-27 15:49:02.003015;2;19.84;77.2;1006.93;83
2018-08-27 15:49:02.237833;3;19.98;77.53;1007.04;83
2018-08-27 15:49:02.472301;4;20.17;77.48;1006.9;83
2018-08-27 15:49:02.708230;5;20.16;76.69;1007.24;83
2018-08-27 15:49:02.942809;6;19.97;77.17;1006.97;83
2018-08-27 15:49:03.176410;7;19.81;79.49;1007.15;83
2018-08-27 15:49:03.410858;8;19.93;75.83;1006.82;83
2018-08-27 15:49:03.646185;9;20.12;77.61;1006.86;83
2018-08-27 15:49:03.881373;10;19.89;77.31;1007.17;83
2018-08-27 15:49:04.673452;11;20.06;75.16;1007.02;83
2018-08-27 15:49:05.691451;1;19.9;77.58;1007.17;84
2018-08-27 15:49:05.926274;2;19.86;77.29;1006.91;84
2018-08-27 15:49:06.161085;3;19.99;77.75;1006.98;84
2018-08-27 15:49:06.395557;4;20.19;77.77;1006.89;84
2018-08-27 15:49:06.630826;5;20.19;76.88;1007.23;84
2018-08-27 15:49:06.865654;6;19.99;77.45;1006.88;84
2018-08-27 15:49:07.100720;7;19.83;79.76;1007.14;84
2018-08-27 15:49:07.335077;8;19.95;76.18;1006.75;84
2018-08-27 15:49:07.569629;9;20.14;77.89;1006.93;84
2018-08-27 15:49:07.803882;10;19.92;77.59;1007.12;84
2018-08-27 15:49:08.595577;11;20.09;75.38;1004.56;84
2018-08-27 15:49:09.598266;1;19.93;77.62;1007.25;85
2018-08-27 15:49:09.832565;2;19.89;77.33;1007.02;85
2018-08-27 15:49:10.066947;3;20.02;77.7;1006.92;85
2018-08-27 15:49:10.301801;4;20.21;77.73;1006.88;85
2018-08-27 15:49:10.536636;5;20.22;76.97;1007.23;85
2018-08-27 15:49:10.771896;6;20.03;77.5;1006.96;85
2018-08-27 15:49:11.006340;7;19.87;79.9;1007.15;85
2018-08-27 15:49:11.240899;8;19.99;76.35;1006.82;85
2018-08-27 15:49:11.475888;9;20.19;78.04;1006.96;85
2018-08-27 15:49:11.710615;10;19.96;77.76;1007.05;85
2018-08-27 15:49:12.513601;11;20.14;75.79;1007.02;85
2018-08-27 15:49:13.515193;1;19.99;78.18;1007.17;86
2018-08-27 15:49:13.749300;2;19.94;77.87;1006.9;86
2018-08-27 15:49:13.984763;3;20.07;78.49;1006.93;86
2018-08-27 15:49:14.219365;4;20.27;78.56;1006.81;86
2018-08-27 15:49:14.453337;5;20.3;77.54;1007.21;86
2018-08-27 15:49:15.145491;6;20.09;78.16;1006.93;86
2018-08-27 15:49:15.380743;7;19.95;80.48;1007.0;86
2018-08-27 15:49:15.615654;8;20.05;76.8;1006.77;86
2018-08-27 15:49:16.289532;9;20.26;78.37;1006.96;86
2018-08-27 15:49:16.525010;10;20.02;78.15;1007.19;86
2018-08-27 15:49:16.901137;11;20.18;75.97;1007.07;86
2018-08-27 15:49:17.912116;1;20.03;78.27;1007.16;87
2018-08-27 15:49:18.146797;2;19.99;77.96;1006.91;87
2018-08-27 15:49:18.380305;3;20.11;78.5;1006.98;87
2018-08-27 15:49:18.615596;4;20.3;78.46;1006.87;87
2018-08-27 15:49:18.850491;5;20.33;77.37;1007.41;87
2018-08-27 15:49:19.084900;6;20.12;78.01;1006.97;87
2018-08-27 15:49:19.319452;7;19.96;80.16;1007.06;87
2018-08-27 15:49:19.554391;8;20.05;76.47;1006.74;87
2018-08-27 15:49:19.788521;9;20.28;78.12;1006.82;87
2018-08-27 15:49:20.023577;10;20.04;78.02;1007.13;87
2018-08-27 15:49:20.823031;11;20.2;75.75;1006.96;87
2018-08-27 15:49:21.838605;1;20.06;78.08;1007.14;88
2018-08-27 15:49:22.075229;2;20.01;77.81;1006.96;88
2018-08-27 15:49:22.308503;3;20.12;78.25;1006.91;88
2018-08-27 15:49:22.543375;4;20.31;78.24;1006.84;88
2018-08-27 15:49:22.777632;5;20.36;77.21;1007.23;88
2018-08-27 15:49:23.011637;6;20.15;77.79;1006.94;88
2018-08-27 15:49:23.247313;7;20.0;80.09;1007.04;88
2018-08-27 15:49:23.481690;8;20.08;76.45;1006.77;88
2018-08-27 15:49:23.716161;9;20.34;78.03;1006.85;88
2018-08-27 15:49:23.950176;10;20.09;77.91;1007.07;88
2018-08-27 15:49:24.746297;11;20.12;75.69;1006.76;88
2018-08-27 15:49:25.762029;1;20.1;77.91;1007.11;89
2018-08-27 15:49:25.997227;2;20.05;77.58;1006.91;89
2018-08-27 15:49:26.232448;3;20.15;77.93;1006.94;89
2018-08-27 15:49:26.700623;5;20.38;76.72;1007.16;89
2018-08-27 15:49:26.936663;6;20.17;77.09;1006.91;89
2018-08-27 15:49:27.169884;7;20.0;79.56;1007.07;89
2018-08-27 15:49:27.405487;8;20.08;75.99;1006.76;89
2018-08-27 15:49:27.640209;9;20.32;77.44;1006.63;89
2018-08-27 15:49:27.874619;10;20.08;77.26;1007.1;89
2018-08-27 15:49:28.665817;11;20.23;75.14;1003.85;89
2018-08-27 15:49:29.681165;1;20.07;77.43;1007.17;90
2018-08-27 15:49:29.916323;2;20.01;77.09;1006.88;90
2018-08-27 15:49:30.151228;3;20.12;77.45;1006.99;90
2018-08-27 15:49:30.385548;4;20.32;77.46;1006.86;90
2018-08-27 15:49:30.620803;5;20.36;76.5;1007.25;90
2018-08-27 15:49:30.854395;6;20.14;76.99;1006.89;90
2018-08-27 15:49:31.090055;7;20.0;79.31;1007.02;90
2018-08-27 15:49:31.324345;8;20.07;75.88;1006.75;90
2018-08-27 15:49:31.558732;9;20.34;77.31;1006.86;90
2018-08-27 15:49:31.793361;10;20.09;77.15;1007.05;90
2018-08-27 15:49:32.596227;11;20.24;75.06;1006.99;90
2018-08-27 15:49:33.598318;1;20.08;77.34;1007.08;91
2018-08-27 15:49:33.831997;2;20.03;77.14;1006.93;91
2018-08-27 15:49:34.067301;3;20.13;77.47;1006.91;91
2018-08-27 15:49:34.301294;4;20.33;77.52;1006.87;91
2018-08-27 15:49:34.536313;5;20.38;76.62;1007.24;91
2018-08-27 15:49:34.772213;6;20.15;77.13;1006.93;91
2018-08-27 15:49:35.006758;7;20.01;79.47;1007.08;91
2018-08-27 15:49:35.240258;8;20.08;76.11;1006.75;91
2018-08-27 15:49:35.475214;9;20.35;77.58;1006.9;91
2018-08-27 15:49:35.709674;10;20.1;77.37;1007.07;91
2018-08-27 15:49:36.511980;11;20.25;75.26;1005.73;91
2018-08-27 15:49:37.513046;1;20.09;77.69;1007.13;92
2018-08-27 15:49:37.748582;2;20.05;77.46;1006.89;92
2018-08-27 15:49:37.982411;3;20.15;77.88;1006.89;92
2018-08-27 15:49:38.216849;4;20.35;77.9;1006.78;92
2018-08-27 15:49:38.452424;5;20.41;76.91;1007.17;92
2018-08-27 15:49:38.686653;6;20.18;77.46;1006.91;92
2018-08-27 15:49:38.920918;7;20.04;79.7;1006.99;92
2018-08-27 15:49:39.156414;8;20.1;76.25;1006.73;92
2018-08-27 15:49:39.390187;9;20.38;77.67;1006.81;92
2018-08-27 15:49:39.626082;10;20.13;77.55;1007.04;92
2018-08-27 15:49:40.431175;11;20.28;75.43;1006.92;92
2018-08-27 15:49:41.435011;1;20.13;77.73;1007.09;93
2018-08-27 15:49:41.670506;2;20.08;77.42;1006.92;93
2018-08-27 15:49:41.904530;3;20.18;77.87;1006.89;93
2018-08-27 15:49:42.139460;4;20.37;77.9;1006.78;93
2018-08-27 15:49:42.373845;5;20.44;76.78;1007.18;93
2018-08-27 15:49:42.608838;6;20.22;77.39;1006.9;93
2018-08-27 15:49:42.844295;7;20.07;79.7;1006.97;93
2018-08-27 15:49:43.077284;8;20.13;76.3;1006.75;93
2018-08-27 15:49:43.312603;9;20.42;77.64;1006.85;93
2018-08-27 15:49:43.547997;10;20.16;77.48;1007.07;93
2018-08-27 15:49:44.341914;11;20.27;75.38;1006.95;93
2018-08-27 15:49:45.341464;1;20.16;77.69;1007.13;94
2018-08-27 15:49:45.576614;2;20.12;77.54;1006.87;94
2018-08-27 15:49:45.810826;3;20.21;78.08;1006.92;94
2018-08-27 15:49:46.045437;4;20.4;78.07;1006.81;94
2018-08-27 15:49:46.280645;5;20.48;77.35;1007.18;94
2018-08-27 15:49:46.515837;6;20.25;78.06;1006.85;94
2018-08-27 15:49:46.750400;7;20.11;80.3;1007.01;94
2018-08-27 15:49:46.984757;8;20.17;76.58;1006.75;94
2018-08-27 15:49:47.220037;9;20.47;78.23;1006.82;94
2018-08-27 15:49:47.454081;10;20.2;78.16;1007.01;94
2018-08-27 15:49:48.207348;11;20.37;75.86;1006.9;94
2018-08-27 15:49:49.225501;1;20.19;77.98;1007.1;95
2018-08-27 15:49:49.460317;2;20.16;78.09;1006.86;95
2018-08-27 15:49:49.694775;3;20.25;78.55;1006.89;95
2018-08-27 15:49:49.929606;4;20.44;78.68;1006.75;95
2018-08-27 15:49:50.165100;5;20.53;77.62;1007.17;95
2018-08-27 15:49:50.400177;6;20.3;78.28;1006.87;95
2018-08-27 15:49:50.634577;7;20.16;80.5;1006.99;95
2018-08-27 15:49:50.868954;8;20.21;77.0;1006.72;95
2018-08-27 15:49:51.103263;9;20.52;78.33;1006.78;95
2018-08-27 15:49:51.338043;10;20.26;78.29;1007.02;95
2018-08-27 15:49:52.092403;11;20.42;76.08;1006.96;95
2018-08-27 15:49:53.105735;1;20.23;78.23;1007.1;96
2018-08-27 15:49:53.340898;2;20.2;78.08;1006.86;96
2018-08-27 15:49:53.575731;3;20.28;78.62;1006.91;96
2018-08-27 15:49:53.810476;4;20.47;78.73;1006.8;96
2018-08-27 15:49:54.045047;5;20.58;77.46;1007.21;96
2018-08-27 15:49:54.279770;6;20.33;78.17;1006.86;96
2018-08-27 15:49:54.513612;7;20.19;80.45;1007.02;96
2018-08-27 15:49:54.748856;8;20.25;76.97;1006.73;96
2018-08-27 15:49:54.983413;9;20.56;78.22;1006.77;96
2018-08-27 15:49:55.218640;10;20.3;78.15;1007.04;96
2018-08-27 15:49:55.964100;11;20.46;76.03;1006.95;96
2018-08-27 15:49:56.979535;1;20.27;78.26;1007.18;97
2018-08-27 15:49:57.214164;2;20.23;78.03;1006.82;97
2018-08-27 15:49:57.448976;3;20.31;78.6;1006.97;97
2018-08-27 15:49:57.683328;4;20.51;78.66;1006.8;97
2018-08-27 15:49:57.919313;5;20.62;77.38;1007.21;97
2018-08-27 15:49:58.153655;6;20.37;78.01;1006.91;97
2018-08-27 15:49:58.387391;7;20.23;80.35;1007.05;97
2018-08-27 15:49:58.622038;8;20.29;76.86;1006.77;97
2018-08-27 15:49:58.856718;9;20.61;78.13;1006.84;97
2018-08-27 15:49:59.091952;10;20.34;77.99;1007.02;97
2018-08-27 15:49:59.886028;11;20.5;75.89;1006.97;97
2018-08-27 15:50:00.900856;1;20.3;78.15;1007.13;98
2018-08-27 15:50:01.135339;2;20.27;77.85;1006.89;98
2018-08-27 15:50:01.369658;3;20.33;78.47;1006.94;98
2018-08-27 15:50:01.604540;4;20.54;78.49;1006.81;98
2018-08-27 15:50:01.838975;5;20.66;77.04;1007.2;98
2018-08-27 15:50:02.073793;6;20.41;77.67;1006.9;98
2018-08-27 15:50:02.308507;7;20.27;80.18;1007.0;98
2018-08-27 15:50:02.963861;8;20.32;76.54;1006.75;98
2018-08-27 15:50:03.198380;9;20.65;77.88;1006.85;98
2018-08-27 15:50:03.434423;10;20.39;77.62;1007.03;98
2018-08-27 15:50:03.809295;11;20.54;75.59;1007.01;98
2018-08-27 15:50:04.825031;1;20.33;77.89;1007.18;99
2018-08-27 15:50:05.060904;2;20.3;77.57;1006.85;99
2018-08-27 15:50:05.294390;3;20.36;78.17;1006.9;99
2018-08-27 15:50:05.529855;4;20.57;78.15;1006.8;99
2018-08-27 15:50:05.998409;6;20.44;77.38;1006.92;99
2018-08-27 15:50:06.233821;7;20.3;79.94;1007.03;99
2018-08-27 15:50:06.468493;8;20.34;76.25;1006.71;99
2018-08-27 15:50:06.702224;9;20.69;77.68;1006.84;99
2018-08-27 15:50:06.937664;10;20.42;77.44;1007.03;99
2018-08-27 15:50:07.729126;11;20.58;75.4;1004.83;99
2018-08-27 15:50:08.745272;1;20.36;77.75;1007.2;100
2018-08-27 15:50:08.980504;2;20.34;77.45;1006.94;100
2018-08-27 15:50:09.214976;3;20.39;78.02;1006.96;100
2018-08-27 15:50:09.449378;4;20.59;78.05;1006.88;100
2018-08-27 15:50:09.684843;5;20.73;76.58;1007.25;100
2018-08-27 15:50:09.918660;6;20.47;77.23;1006.92;100
2018-08-27 15:50:10.154221;7;20.33;79.62;1007.08;100
2018-08-27 15:50:10.387941;8;20.37;76.2;1006.76;100
2018-08-27 15:50:10.622775;9;20.71;77.39;1006.85;100
2018-08-27 15:50:10.858599;10;20.45;77.22;1007.07;100
2018-08-27 15:50:11.656136;11;20.6;75.2;1007.05;100
2018-08-27 15:50:12.677294;1;20.39;77.59;1007.07;101
2018-08-27 15:50:12.912602;2;20.36;77.25;1006.92;101
2018-08-27 15:50:13.147957;3;20.41;77.77;1006.9;101
2018-08-27 15:50:13.381987;4;20.6;77.69;1006.78;101
2018-08-27 15:50:13.616590;5;20.72;76.15;1007.17;101
2018-08-27 15:50:13.851464;6;20.48;76.77;1006.93;101
2018-08-27 15:50:14.086169;7;20.32;79.15;1007.0;101
2018-08-27 15:50:14.320995;8;20.38;75.83;1006.8;101
2018-08-27 15:50:14.554925;9;20.7;76.95;1006.88;101
2018-08-27 15:50:14.790150;10;20.46;76.75;1007.1;101
2018-08-27 15:50:15.591038;11;20.6;74.77;1007.02;101
2018-08-27 15:50:16.592032;1;20.38;77.19;1007.15;102
2018-08-27 15:50:16.827808;2;20.36;76.84;1006.93;102
2018-08-27 15:50:17.062638;3;20.41;77.26;1006.92;102
2018-08-27 15:50:17.296804;4;20.6;77.22;1006.81;102
2018-08-27 15:50:17.532128;5;20.74;75.8;1007.23;102
2018-08-27 15:50:17.766754;6;20.49;76.34;1006.87;102
2018-08-27 15:50:18.001014;7;20.34;78.88;1007.03;102
2018-08-27 15:50:18.236247;8;20.38;75.32;1006.77;102
2018-08-27 15:50:18.469920;9;20.73;76.59;1006.86;102
2018-08-27 15:50:18.704445;10;20.46;76.33;1007.09;102
2018-08-27 15:50:19.503650;11;20.6;74.26;1005.04;102
2018-08-27 15:50:20.504914;1;20.39;76.83;1007.12;103
2018-08-27 15:50:20.739578;2;20.36;76.51;1006.87;103
2018-08-27 15:50:20.974456;3;20.42;76.95;1006.96;103
2018-08-27 15:50:21.208985;4;20.61;76.97;1006.82;103
2018-08-27 15:50:21.444559;5;20.75;75.51;1007.19;103
2018-08-27 15:50:21.678997;6;20.49;76.15;1006.85;103
2018-08-27 15:50:21.913865;7;20.35;78.57;1006.97;103
2018-08-27 15:50:22.148455;8;20.38;75.31;1006.73;103
2018-08-27 15:50:22.382831;9;20.72;76.37;1006.81;103
2018-08-27 15:50:22.618215;10;20.47;76.24;1007.04;103
2018-08-27 15:50:23.420490;11;20.63;74.17;1007.01;103
2018-08-27 15:50:24.423015;1;20.39;76.76;1007.13;104
2018-08-27 15:50:24.657579;2;20.36;76.45;1006.88;104
2018-08-27 15:50:24.892061;3;20.44;76.86;1006.91;104
2018-08-27 15:50:25.125815;4;20.62;76.87;1006.81;104
2018-08-27 15:50:25.361294;5;20.76;75.42;1007.23;104
2018-08-27 15:50:25.596073;6;20.5;76.08;1006.94;104
2018-08-27 15:50:25.830578;7;20.36;78.43;1007.05;104
2018-08-27 15:50:26.065972;8;20.4;75.12;1006.78;104
2018-08-27 15:50:26.300016;9;20.73;75.99;1006.91;104
2018-08-27 15:50:26.534783;10;20.49;76.09;1007.09;104
2018-08-27 15:50:27.308252;11;20.63;73.96;1007.02;104
2018-08-27 15:50:28.310570;1;20.4;76.31;1007.17;105
2018-08-27 15:50:28.545572;2;20.37;76.11;1006.89;105
2018-08-27 15:50:28.780502;3;20.44;76.32;1006.94;105
2018-08-27 15:50:29.014693;4;20.62;76.41;1006.79;105
2018-08-27 15:50:29.248554;5;20.76;75.07;1007.24;105
2018-08-27 15:50:29.484315;6;20.51;75.82;1006.88;105
2018-08-27 15:50:29.718578;7;20.35;77.92;1007.03;105
2018-08-27 15:50:29.952670;8;20.39;74.69;1006.73;105
2018-08-27 15:50:30.188653;9;20.74;75.73;1006.87;105
2018-08-27 15:50:30.422750;10;20.49;75.77;1007.07;105
2018-08-27 15:50:31.175428;11;20.63;73.73;1006.97;105
2018-08-27 15:50:32.191606;1;20.4;76.26;1007.15;106
2018-08-27 15:50:32.426995;2;20.38;75.96;1007.0;106
2018-08-27 15:50:32.662196;3;20.46;76.21;1006.96;106
2018-08-27 15:50:32.896440;4;20.62;76.31;1006.84;106
2018-08-27 15:50:33.130981;5;20.77;74.99;1007.26;106
2018-08-27 15:50:33.365191;6;20.51;75.66;1006.95;106
2018-08-27 15:50:33.600712;7;20.37;77.88;1007.02;106
2018-08-27 15:50:33.834686;8;20.39;74.56;1006.77;106
2018-08-27 15:50:34.069928;9;20.76;75.69;1006.92;106
2018-08-27 15:50:34.304850;10;20.49;75.6;1007.09;106
2018-08-27 15:50:35.054774;11;20.65;73.6;1006.17;106
2018-08-27 15:50:36.068415;1;20.41;76.17;1007.17;107
2018-08-27 15:50:36.304092;2;20.39;75.79;1006.98;107
2018-08-27 15:50:36.538011;3;20.47;76.15;1007.0;107
2018-08-27 15:50:36.773421;4;20.63;76.2;1006.86;107
2018-08-27 15:50:37.008306;5;20.78;74.88;1007.22;107
2018-08-27 15:50:37.241900;6;20.52;75.49;1006.9;107
2018-08-27 15:50:37.477524;7;20.38;77.78;1007.05;107
2018-08-27 15:50:37.712077;8;20.4;74.56;1006.81;107
2018-08-27 15:50:37.946204;9;20.77;75.61;1006.92;107
2018-08-27 15:50:38.181562;10;20.5;75.5;1007.09;107
2018-08-27 15:50:38.934001;11;20.65;73.52;1006.35;107
2018-08-27 15:50:39.947871;1;20.42;76.11;1007.18;108
2018-08-27 15:50:40.183493;2;20.39;75.72;1006.95;108
2018-08-27 15:50:40.417319;3;20.47;75.96;1006.96;108
2018-08-27 15:50:40.653112;4;20.63;76.08;1006.84;108
2018-08-27 15:50:40.887431;5;20.78;74.54;1007.24;108
2018-08-27 15:50:41.122068;6;20.51;75.22;1006.91;108
2018-08-27 15:50:41.356313;7;20.39;77.58;1006.96;108
2018-08-27 15:50:41.591461;8;20.4;74.39;1006.8;108
2018-08-27 15:50:41.826443;9;20.77;75.32;1006.88;108
2018-08-27 15:50:42.061386;10;20.5;75.14;1007.05;108
2018-08-27 15:50:42.850810;11;20.65;73.1;1005.96;108
2018-08-27 15:50:43.865146;1;20.41;75.88;1007.19;109
2018-08-27 15:50:44.100415;2;20.39;75.44;1006.95;109
2018-08-27 15:50:44.335607;3;20.48;75.75;1006.91;109
2018-08-27 15:50:44.569573;4;20.63;75.81;1006.88;109
2018-08-27 15:50:45.038494;6;20.51;74.99;1006.91;109
2018-08-27 15:50:45.274019;7;20.4;77.37;1007.06;109
2018-08-27 15:50:45.508260;8;20.4;74.14;1006.74;109
2018-08-27 15:50:45.743032;9;20.78;75.15;1006.9;109
2018-08-27 15:50:45.977614;10;20.5;74.92;1007.08;109
2018-08-27 15:50:46.772326;11;20.65;72.96;1006.99;109
2018-08-27 15:50:47.785667;1;20.42;75.63;1007.17;110
2018-08-27 15:50:48.021631;2;20.39;75.2;1006.9;110
2018-08-27 15:50:48.255685;3;20.49;75.53;1006.88;110
2018-08-27 15:50:48.490287;4;20.65;75.63;1006.81;110
2018-08-27 15:50:48.724671;5;20.78;74.36;1007.2;110
2018-08-27 15:50:48.959854;6;20.52;74.91;1006.93;110
2018-08-27 15:50:49.194671;7;20.38;77.22;1007.04;110
2018-08-27 15:50:49.429218;8;20.41;74.12;1006.75;110
2018-08-27 15:50:49.663886;9;20.76;75.12;1006.87;110
2018-08-27 15:50:49.898018;10;20.5;74.86;1007.12;110
2018-08-27 15:50:50.691883;11;20.65;72.95;1007.0;110
2018-08-27 15:50:51.704514;1;20.41;75.67;1007.11;111
2018-08-27 15:50:51.939051;2;20.37;75.21;1006.93;111
2018-08-27 15:50:52.173810;3;20.49;75.57;1006.87;111
2018-08-27 15:50:52.409295;4;20.64;75.72;1006.84;111
2018-08-27 15:50:52.643669;5;20.77;74.25;1007.22;111
2018-08-27 15:50:52.878210;6;20.5;74.93;1006.88;111
2018-08-27 15:50:53.112766;7;20.38;77.18;1007.03;111
2018-08-27 15:50:53.348211;8;20.41;74.09;1006.74;111
2018-08-27 15:50:53.582293;9;20.76;75.05;1006.84;111
2018-08-27 15:50:53.816831;10;20.49;74.92;1007.05;111
2018-08-27 15:50:54.610992;11;20.64;73.0;1004.42;111
2018-08-27 15:50:55.612075;1;20.42;75.9;1006.98;112
2018-08-27 15:50:55.846644;2;20.38;75.71;1006.78;112
2018-08-27 15:50:56.081417;3;20.5;76.05;1006.84;112
2018-08-27 15:50:56.316280;4;20.65;76.46;1006.72;112
2018-08-27 15:50:56.551159;5;20.78;74.95;1007.19;112
2018-08-27 15:50:56.785522;6;20.51;75.79;1006.81;112
2018-08-27 15:50:57.020540;7;20.41;77.82;1006.96;112
2018-08-27 15:50:57.254798;8;20.41;75.05;1006.71;112
2018-08-27 15:50:57.724035;10;20.5;75.65;1007.01;112
2018-08-27 15:50:58.516547;11;20.64;73.71;1006.96;112
2018-08-27 15:50:59.519548;1;20.43;76.23;1007.17;113
2018-08-27 15:50:59.753872;2;20.38;75.95;1006.91;113
2018-08-27 15:50:59.987951;3;20.51;76.41;1007.03;113
2018-08-27 15:51:00.222728;4;20.64;76.6;1006.87;113
2018-08-27 15:51:00.458577;5;20.78;75.01;1007.29;113
2018-08-27 15:51:00.965029;6;20.51;75.81;1006.97;113
2018-08-27 15:51:01.199846;7;20.41;77.83;1007.07;113
2018-08-27 15:51:01.435079;8;20.41;74.83;1006.81;113
2018-08-27 15:51:01.669974;9;20.78;75.62;1006.93;113
2018-08-27 15:51:01.903961;10;20.48;75.54;1007.09;113
2018-08-27 15:51:06.040527;1;20.4;75.25;1007.09;114
2018-08-27 15:51:06.275570;2;20.32;74.72;1006.88;114
2018-08-27 15:51:06.509885;3;20.46;74.7;1006.81;114
2018-08-27 15:51:06.745379;4;20.61;74.86;1006.75;114
2018-08-27 15:51:06.979139;5;20.71;73.59;1007.18;114
2018-08-27 15:51:07.213939;6;20.44;74.09;1006.86;114
2018-08-27 15:51:07.448750;7;20.35;76.48;1006.99;114
2018-08-27 15:51:07.683220;8;20.38;73.32;1006.74;114
2018-08-27 15:51:07.918705;9;20.73;74.32;1006.84;114
2018-08-27 15:51:08.153351;10;20.43;74.24;1007.1;114
2018-08-27 15:51:08.910848;11;20.58;72.33;1007.0;114
2018-08-27 15:51:09.927279;1;20.38;75.1;1007.1;115
2018-08-27 15:51:10.163012;2;20.33;74.62;1006.87;115
2018-08-27 15:51:10.397199;3;20.47;74.76;1006.85;115
2018-08-27 15:51:10.632163;4;20.62;74.98;1006.83;115
2018-08-27 15:51:10.866869;5;20.72;73.79;1007.16;115
2018-08-27 15:51:11.102025;6;20.45;74.4;1006.84;115
2018-08-27 15:51:11.335497;7;20.35;76.71;1006.98;115
2018-08-27 15:51:11.571099;8;20.38;73.58;1006.71;115
2018-08-27 15:51:11.805840;9;20.72;74.66;1006.85;115
2018-08-27 15:51:12.039593;10;20.42;74.48;1007.02;115
2018-08-27 15:51:12.832432;11;20.56;72.54;1004.51;115
2018-08-27 15:51:13.849440;1;20.36;75.0;1007.15;116
2018-08-27 15:51:14.084723;2;20.32;74.6;1006.89;116
2018-08-27 15:51:14.319444;3;20.46;74.74;1006.83;116
2018-08-27 15:51:14.554291;4;20.6;74.93;1006.8;116
2018-08-27 15:51:14.788821;5;20.7;73.7;1007.22;116
2018-08-27 15:51:15.022919;6;20.42;74.28;1006.86;116
2018-08-27 15:51:15.257755;7;20.33;76.55;1006.98;116
2018-08-27 15:51:15.493858;8;20.38;73.39;1006.71;116
2018-08-27 15:51:15.727113;9;20.7;74.46;1006.83;116
2018-08-27 15:51:15.962199;10;20.39;74.3;1007.0;116
2018-08-27 15:51:16.757394;11;20.55;72.39;1006.94;116
2018-08-27 15:51:17.771779;1;20.37;74.88;1007.11;117
2018-08-27 15:51:18.006228;2;20.29;74.59;1006.86;117
2018-08-27 15:51:18.241106;3;20.47;74.63;1006.84;117
2018-08-27 15:51:18.475870;4;20.6;74.86;1006.78;117
2018-08-27 15:51:18.710352;5;20.68;73.79;1007.2;117
2018-08-27 15:51:18.945850;6;20.41;74.44;1006.85;117
2018-08-27 15:51:19.180017;7;20.33;76.49;1007.0;117
2018-08-27 15:51:19.414434;8;20.38;73.28;1006.78;117
2018-08-27 15:51:19.649252;9;20.7;74.44;1006.86;117
2018-08-27 15:51:19.884095;10;20.38;74.48;1006.99;117
2018-08-27 15:51:20.680036;11;20.53;72.46;1006.99;117
2018-08-27 15:51:21.692287;1;20.35;75.14;1007.08;118
2018-08-27 15:51:21.927112;2;20.3;74.75;1006.87;118
2018-08-27 15:51:22.162602;3;20.46;75.02;1006.89;118
2018-08-27 15:51:22.396369;4;20.58;75.23;1006.79;118
2018-08-27 15:51:22.631230;5;20.69;74.08;1007.24;118
2018-08-27 15:51:22.866117;6;20.41;74.77;1006.92;118
2018-08-27 15:51:23.100519;7;20.33;76.86;1006.98;118
2018-08-27 15:51:23.335362;8;20.37;73.73;1006.71;118
2018-08-27 15:51:23.570028;9;20.69;74.91;1006.82;118
2018-08-27 15:51:23.804583;10;20.38;74.81;1006.98;118
2018-08-27 15:51:24.600813;11;20.55;72.81;1003.92;118
2018-08-27 15:51:26.020354;1;20.37;75.3;1007.1;119
2018-08-27 15:51:26.255180;2;20.28;75.06;1006.83;119
2018-08-27 15:51:26.490009;3;20.46;75.21;1006.82;119
2018-08-27 15:51:26.724551;4;20.59;75.47;1006.76;119
2018-08-27 15:51:26.960026;5;20.67;74.29;1007.38;119
2018-08-27 15:51:27.428725;7;20.33;77.03;1007.06;119
2018-08-27 15:51:27.663372;8;20.38;73.83;1006.69;119
2018-08-27 15:51:27.898184;9;20.68;75.1;1006.85;119
2018-08-27 15:51:28.132635;10;20.38;74.95;1007.03;119
2018-08-27 15:51:28.897139;11;20.54;72.95;1006.91;119
2018-08-27 15:51:29.911186;1;20.36;75.5;1007.09;120
2018-08-27 15:51:30.146258;2;20.29;75.19;1006.8;120
2018-08-27 15:51:30.381043;3;20.45;75.5;1006.79;120
2018-08-27 15:51:30.615626;4;20.58;75.84;1006.74;120
2018-08-27 15:51:30.850491;5;20.67;74.46;1007.11;120
2018-08-27 15:51:31.085534;6;20.41;75.18;1006.79;120
2018-08-27 15:51:31.320412;7;20.32;77.25;1006.92;120
2018-08-27 15:51:31.554220;8;20.36;74.14;1006.62;120
2018-08-27 15:51:31.789460;9;20.66;75.17;1006.74;120
2018-08-27 15:51:32.023916;10;20.36;75.12;1006.97;120
2018-08-27 15:51:32.821067;11;20.53;73.06;1006.94;120
2018-08-27 15:51:33.840375;1;20.33;75.37;1007.13;121
2018-08-27 15:51:34.074454;2;20.29;75.18;1006.9;121
2018-08-27 15:51:34.309215;3;20.43;75.22;1006.88;121
2018-08-27 15:51:34.543991;4;20.57;75.48;1006.79;121
2018-08-27 15:51:34.778517;5;20.66;74.24;1007.17;121
2018-08-27 15:51:35.013645;6;20.38;75.03;1006.85;121
2018-08-27 15:51:35.248154;7;20.29;76.92;1006.93;121
2018-08-27 15:51:35.482578;8;20.34;73.81;1006.65;121
2018-08-27 15:51:35.717403;9;20.63;74.94;1006.74;121
2018-08-27 15:51:35.952994;10;20.35;75.0;1006.96;121
2018-08-27 15:51:36.754618;11;20.52;72.83;1006.92;121
2018-08-27 15:51:37.771717;1;20.31;75.16;1007.01;122
2018-08-27 15:51:38.006472;2;20.24;74.88;1006.79;122
2018-08-27 15:51:38.240996;3;20.42;74.99;1006.79;122
2018-08-27 15:51:38.475813;4;20.56;75.23;1006.74;122
2018-08-27 15:51:38.710285;5;20.64;74.06;1007.12;122
2018-08-27 15:51:38.945099;6;20.36;74.75;1006.76;122
2018-08-27 15:51:39.180843;7;20.28;76.85;1006.9;122
2018-08-27 15:51:39.414383;8;20.34;73.68;1006.66;122
2018-08-27 15:51:39.649288;9;20.62;74.94;1006.72;122
2018-08-27 15:51:41.065571;11;20.51;72.74;1004.94;122
2018-08-27 15:51:42.083232;1;20.29;75.41;1007.08;123
2018-08-27 15:51:42.317906;2;20.25;75.02;1006.74;123
2018-08-27 15:51:42.552010;3;20.4;75.34;1006.83;123
2018-08-27 15:51:42.786780;4;20.54;75.57;1006.79;123
2018-08-27 15:51:43.021618;5;20.63;74.29;1007.12;123
2018-08-27 15:51:43.256829;6;20.36;75.07;1006.78;123
2018-08-27 15:51:43.491501;7;20.28;77.11;1006.95;123
2018-08-27 15:51:43.725676;8;20.33;73.93;1006.72;123
2018-08-27 15:51:43.960445;9;20.61;75.21;1006.81;123
2018-08-27 15:51:44.195271;10;20.31;75.06;1007.0;123
2018-08-27 15:51:44.948549;11;20.51;72.9;1006.92;123
2018-08-27 15:51:45.962723;1;20.29;75.25;1007.11;124
2018-08-27 15:51:46.196849;2;20.24;75.0;1006.85;124
2018-08-27 15:51:46.431540;3;20.4;75.08;1006.82;124
2018-08-27 15:51:46.666371;4;20.53;75.27;1006.81;124
2018-08-27 15:51:46.900863;5;20.63;74.2;1007.17;124
2018-08-27 15:51:47.136815;6;20.35;74.84;1006.85;124
2018-08-27 15:51:47.370506;7;20.27;76.93;1006.94;124
2018-08-27 15:51:47.604971;8;20.32;73.58;1006.7;124
2018-08-27 15:51:47.839805;9;20.61;74.92;1006.87;124
2018-08-27 15:51:48.074630;10;20.31;74.88;1007.01;124
2018-08-27 15:51:48.869081;11;20.5;72.68;1006.92;124
2018-08-27 15:51:49.885501;1;20.28;75.08;1007.09;125
2018-08-27 15:51:50.120364;2;20.24;74.79;1006.83;125
2018-08-27 15:51:50.355167;3;20.39;74.85;1006.83;125
2018-08-27 15:51:50.589660;4;20.53;75.06;1006.75;125
2018-08-27 15:51:50.824452;5;20.63;74.0;1007.1;125
2018-08-27 15:51:51.059286;6;20.35;74.64;1006.82;125
2018-08-27 15:51:51.293979;7;20.28;76.73;1006.94;125
2018-08-27 15:51:51.528559;8;20.33;73.4;1006.72;125
2018-08-27 15:51:51.763386;9;20.6;74.77;1006.85;125
2018-08-27 15:51:51.997864;10;20.31;74.72;1007.04;125
2018-08-27 15:51:52.790668;11;20.5;72.55;1004.03;125
2018-08-27 15:51:53.807461;1;20.28;74.92;1007.02;126
2018-08-27 15:51:54.275784;3;20.41;74.69;1006.86;126
2018-08-27 15:51:54.510120;4;20.51;74.91;1006.76;126
2018-08-27 15:51:54.744994;5;20.62;73.76;1007.18;126
2018-08-27 15:51:54.979850;6;20.35;74.43;1006.82;126
2018-08-27 15:51:55.214343;7;20.28;76.53;1006.97;126
2018-08-27 15:51:55.449155;8;20.31;73.24;1006.72;126
2018-08-27 15:51:55.683916;9;20.6;74.63;1006.79;126
2018-08-27 15:51:55.918384;10;20.29;74.52;1007.04;126
2018-08-27 15:51:56.719706;11;20.47;72.33;1006.94;126
2018-08-27 15:51:57.738231;1;20.28;74.83;1007.13;127
2018-08-27 15:51:57.972661;2;20.23;74.47;1006.8;127
2018-08-27 15:51:58.207481;3;20.41;74.55;1006.89;127
2018-08-27 15:51:58.442303;4;20.52;74.8;1006.77;127
2018-08-27 15:51:58.676770;5;20.6;73.68;1007.14;127
2018-08-27 15:51:58.911622;6;20.34;74.34;1006.84;127
2018-08-27 15:51:59.146413;7;20.27;76.4;1006.99;127
2018-08-27 15:51:59.380907;8;20.31;73.16;1006.73;127
2018-08-27 15:51:59.615727;9;20.59;74.51;1006.86;127
2018-08-27 15:51:59.850515;10;20.3;74.46;1007.07;127
2018-08-27 15:52:00.651646;11;20.44;72.32;1007.05;127
2018-08-27 15:52:02.007905;1;20.17;74.87;1007.16;128
2018-08-27 15:52:02.242704;2;20.13;74.59;1006.79;128
2018-08-27 15:52:02.477524;3;20.29;74.7;1006.97;128
2018-08-27 15:52:02.711988;4;20.4;75.05;1006.8;128
2018-08-27 15:52:02.947644;5;20.47;74.0;1007.3;128
2018-08-27 15:52:03.181826;6;20.22;74.74;1006.89;128
2018-08-27 15:52:03.416297;7;20.11;76.69;1007.08;128
2018-08-27 15:52:03.651946;8;20.16;73.56;1006.75;128
2018-08-27 15:52:03.886285;9;20.4;75.04;1006.85;128
2018-08-27 15:52:04.122298;10;20.15;74.82;1007.01;128
2018-08-27 15:52:04.882949;11;20.3;72.77;1006.96;128
2018-08-27 15:52:05.896361;1;20.08;75.26;1007.19;129
2018-08-27 15:52:06.131140;2;20.05;74.9;1006.85;129
2018-08-27 15:52:06.365996;3;20.19;75.17;1006.89;129
2018-08-27 15:52:06.600456;4;20.34;75.38;1006.81;129
2018-08-27 15:52:06.835241;5;20.36;74.39;1007.35;129
2018-08-27 15:52:07.305019;7;20.02;77.07;1007.04;129
2018-08-27 15:52:07.539351;8;20.05;73.87;1006.77;129
2018-08-27 15:52:08.188787;9;20.28;75.34;1006.78;129
2018-08-27 15:52:08.424794;10;20.05;75.14;1007.04;129
2018-08-27 15:52:08.813116;11;19.83;73.01;1006.39;129
2018-08-27 15:52:09.827791;1;19.97;75.4;1007.3;130
2018-08-27 15:52:10.062593;2;19.9;75.12;1006.79;130
2018-08-27 15:52:10.297055;3;20.05;75.45;1007.06;130
2018-08-27 15:52:10.532147;4;20.21;75.65;1006.95;130
2018-08-27 15:52:10.766694;5;20.18;74.77;1007.19;130
2018-08-27 15:52:11.001195;6;20.0;75.27;1006.63;130
2018-08-27 15:52:11.236068;7;19.85;77.43;1006.41;130
2018-08-27 15:52:11.470819;8;19.91;74.23;1006.89;130
2018-08-27 15:52:11.705261;9;20.11;75.73;1006.8;130
2018-08-27 15:52:11.940103;10;19.9;75.45;1007.14;130
2018-08-27 15:52:12.729503;11;19.99;73.54;1007.05;130
2018-08-27 15:52:13.747584;1;19.83;75.89;1007.13;131
2018-08-27 15:52:13.982107;2;19.79;75.6;1006.83;131
2018-08-27 15:52:14.216650;3;19.92;76.04;1006.9;131
2018-08-27 15:52:14.451378;4;20.1;76.14;1006.77;131
2018-08-27 15:52:14.686224;5;20.08;75.31;1007.1;131
2018-08-27 15:52:14.920769;6;19.93;75.74;1006.85;131
2018-08-27 15:52:15.155529;7;19.78;77.91;1007.09;131
2018-08-27 15:52:15.390313;8;19.85;74.64;1006.72;131
2018-08-27 15:52:15.624806;9;20.07;76.09;1006.84;131
2018-08-27 15:52:15.859622;10;19.86;75.83;1007.07;131
2018-08-27 15:52:16.656855;11;19.98;73.84;1006.9;131
2018-08-27 15:52:17.669265;1;19.85;76.05;1007.12;132
2018-08-27 15:52:17.903654;2;19.8;75.76;1006.82;132
2018-08-27 15:52:18.138580;3;19.95;76.18;1006.94;132
2018-08-27 15:52:18.373319;4;20.11;76.31;1006.72;132
2018-08-27 15:52:18.608094;5;20.09;75.38;1007.15;132
2018-08-27 15:52:18.842610;6;19.95;75.7;1006.84;132
2018-08-27 15:52:19.077856;7;19.78;78.05;1007.01;132
2018-08-27 15:52:19.312427;8;19.85;74.78;1006.71;132
2018-08-27 15:52:19.546691;9;20.08;76.2;1006.8;132
2018-08-27 15:52:20.579744;11;19.93;73.95;1006.82;132
2018-08-27 15:52:21.579805;1;19.85;76.12;1007.08;133
2018-08-27 15:52:21.814272;2;19.8;75.79;1006.82;133
2018-08-27 15:52:22.049161;3;19.96;76.19;1006.91;133
2018-08-27 15:52:22.283962;4;20.11;76.3;1006.73;133
2018-08-27 15:52:22.519398;5;20.09;75.49;1007.14;133
2018-08-27 15:52:22.753590;6;19.96;75.8;1006.89;133
2018-08-27 15:52:22.988058;7;19.79;78.29;1007.04;133
2018-08-27 15:52:23.222554;8;19.86;74.99;1006.72;133
2018-08-27 15:52:23.457349;9;20.09;76.34;1006.84;133
2018-08-27 15:52:23.692210;10;19.87;76.01;1007.06;133
2018-08-27 15:52:24.497205;11;19.98;74.04;1003.35;133
2018-08-27 15:52:25.498634;1;19.87;76.16;1007.09;134
2018-08-27 15:52:25.733122;2;19.81;75.93;1006.84;134
2018-08-27 15:52:25.967951;3;19.97;76.22;1006.93;134
2018-08-27 15:52:26.202785;4;20.12;76.39;1006.77;134
2018-08-27 15:52:26.437244;5;20.1;75.58;1007.11;134
2018-08-27 15:52:26.672085;6;19.97;75.87;1006.83;134
2018-08-27 15:52:26.907041;7;19.8;78.27;1007.01;134
2018-08-27 15:52:27.142086;8;19.88;74.9;1006.67;134
2018-08-27 15:52:27.376658;9;20.09;76.36;1006.8;134
2018-08-27 15:52:27.611055;10;19.87;76.19;1007.02;134
2018-08-27 15:52:28.411976;11;19.97;74.31;1006.87;134
2018-08-27 15:52:29.413503;1;19.88;76.34;1007.1;135
2018-08-27 15:52:29.647856;2;19.81;76.28;1006.87;135
2018-08-27 15:52:29.882893;3;19.99;76.38;1006.92;135
2018-08-27 15:52:30.117483;4;20.14;76.65;1006.76;135
2018-08-27 15:52:30.351978;5;20.12;75.85;1007.19;135
2018-08-27 15:52:30.586790;6;19.98;76.29;1006.85;135
2018-08-27 15:52:30.821626;7;19.81;78.41;1006.99;135
2018-08-27 15:52:31.056054;8;19.9;74.92;1006.7;135
2018-08-27 15:52:31.290867;9;20.11;76.57;1006.83;135
2018-08-27 15:52:31.525671;10;19.89;76.45;1007.04;135
2018-08-27 15:52:32.276174;11;20.0;74.48;1006.91;135
2018-08-27 15:52:33.278657;1;19.9;76.34;1007.11;136
2018-08-27 15:52:33.512787;2;19.83;76.2;1006.83;136
2018-08-27 15:52:33.747307;3;20.0;76.34;1006.92;136
2018-08-27 15:52:33.982038;4;20.16;76.51;1006.82;136
2018-08-27 15:52:34.508638;5;20.13;75.79;1007.1;136
2018-08-27 15:52:34.743510;6;20.01;76.07;1006.89;136
2018-08-27 15:52:34.978729;7;19.82;78.39;1007.06;136
2018-08-27 15:52:35.212817;8;19.92;74.91;1006.73;136
2018-08-27 15:52:35.447616;9;20.13;76.48;1006.81;136
2018-08-27 15:52:35.682398;10;19.91;76.29;1007.04;136
2018-08-27 15:52:36.143814;11;19.99;74.34;1006.94;136
2018-08-27 15:52:37.156628;1;19.91;76.19;1007.08;137
2018-08-27 15:52:37.390950;2;19.85;76.04;1006.88;137
2018-08-27 15:52:37.625581;3;20.02;76.19;1006.93;137
2018-08-27 15:52:37.860230;4;20.17;76.37;1006.77;137
2018-08-27 15:52:38.095073;5;20.13;75.4;1007.18;137
2018-08-27 15:52:38.329547;6;20.01;75.78;1006.87;137
2018-08-27 15:52:38.564446;7;19.81;78.01;1007.03;137
2018-08-27 15:52:39.188675;8;19.94;74.59;1006.74;137
2018-08-27 15:52:39.423062;9;20.11;76.15;1006.82;137
2018-08-27 15:52:39.657537;10;19.92;76.0;1007.04;137
2018-08-27 15:52:40.025289;11;20.0;74.14;1006.98;137
2018-08-27 15:52:41.039139;1;19.92;75.97;1007.08;138
2018-08-27 15:52:41.273939;2;19.86;75.84;1006.84;138
2018-08-27 15:52:41.508805;3;20.03;75.98;1006.86;138
2018-08-27 15:52:41.743229;4;20.18;76.08;1006.83;138
2018-08-27 15:52:41.978178;5;20.14;75.41;1007.17;138
2018-08-27 15:52:42.212913;6;20.02;75.69;1006.86;138
2018-08-27 15:52:42.447369;7;19.82;77.95;1007.02;138
2018-08-27 15:52:42.682401;8;19.93;74.66;1006.65;138
2018-08-27 15:52:42.916945;9;20.13;76.21;1006.83;138
2018-08-27 15:52:43.151451;10;19.92;76.04;1007.04;138
2018-08-27 15:52:43.907462;11;20.0;74.13;1006.96;138
2018-08-27 15:52:44.919416;1;19.94;76.05;1007.12;139
2018-08-27 15:52:45.154773;2;19.87;76.01;1006.86;139
2018-08-27 15:52:45.388768;3;20.05;76.0;1006.89;139
2018-08-27 15:52:45.623472;4;20.2;76.28;1006.81;139
2018-08-27 15:52:45.858284;5;20.16;75.57;1007.14;139
2018-08-27 15:52:46.092878;6;20.03;75.98;1006.83;139
2018-08-27 15:52:46.327742;7;19.84;78.1;1007.02;139
2018-08-27 15:52:46.562587;8;19.95;74.77;1006.71;139
2018-08-27 15:52:46.796933;9;20.15;76.33;1006.8;139
2018-08-27 15:52:47.031670;10;19.93;76.29;1007.09;139
2018-08-27 15:52:47.822202;11;20.01;74.45;1006.97;139
2018-08-27 15:52:48.836912;1;19.95;76.22;1007.09;140
2018-08-27 15:52:49.071737;2;19.87;76.25;1006.85;140
2018-08-27 15:52:49.306826;3;20.05;76.3;1006.85;140
2018-08-27 15:52:49.541063;4;20.2;76.55;1006.69;140
2018-08-27 15:52:49.775805;5;20.15;75.87;1007.09;140
2018-08-27 15:52:50.010676;6;20.02;76.18;1006.8;140
2018-08-27 15:52:50.245268;7;19.84;78.37;1007.01;140
2018-08-27 15:52:50.480720;8;19.95;74.95;1006.69;140
2018-08-27 15:52:50.714777;9;20.14;76.63;1006.78;140
2018-08-27 15:52:50.949174;10;19.92;76.42;1007.06;140
2018-08-27 15:52:51.748808;11;20.02;74.55;1006.91;140
2018-08-27 15:52:52.763768;1;19.97;76.32;1007.11;141
2018-08-27 15:52:52.998416;2;19.88;76.27;1006.81;141
2018-08-27 15:52:53.233176;3;20.06;76.37;1006.85;141
2018-08-27 15:52:53.467642;4;20.21;76.54;1006.85;141
2018-08-27 15:52:53.702470;5;20.17;75.91;1007.11;141
2018-08-27 15:52:53.937266;6;20.04;76.14;1006.88;141
2018-08-27 15:52:54.171730;7;19.85;78.49;1007.04;141
2018-08-27 15:52:54.406544;8;19.97;75.01;1006.69;141
2018-08-27 15:52:54.641326;9;20.14;76.66;1006.85;141
2018-08-27 15:52:54.875931;10;19.94;76.39;1007.03;141
2018-08-27 15:52:55.678942;11;19.76;74.53;1006.61;141
2018-08-27 15:52:56.695303;1;19.97;76.27;1007.1;142
2018-08-27 15:52:56.929778;2;19.89;76.15;1006.91;142
