2018-08-27 16:24:33.789476;1;21.03;73.87;1007.35;618
2018-08-27 16:24:34.024757;2;21.08;73.22;1007.14;618
2018-08-27 16:24:34.258789;3;21.18;74.33;1007.16;618
2018-08-27 16:24:34.494075;4;21.6;73.17;1007.1;618
2018-08-27 16:24:34.728340;5;21.21;73.66;1007.48;618
2018-08-27 16:24:34.962885;6;20.87;74.55;1007.17;618
2018-08-27 16:24:35.197677;7;20.71;77.19;1007.25;618
2018-08-27 16:24:35.433232;8;20.58;73.95;1007.02;618
2018-08-27 16:24:35.667561;9;21.07;74.91;1007.15;618
2018-08-27 16:24:35.902040;10;20.91;74.63;1007.32;618
2018-08-27 16:24:36.704868;11;21.51;70.65;1007.26;618
2018-08-27 16:24:37.721529;1;21.1;74.5;1007.4;619
2018-08-27 16:24:37.956499;2;21.17;73.98;1007.17;619
2018-08-27 16:24:38.190831;3;21.24;74.85;1007.13;619
2018-08-27 16:24:38.425925;4;21.62;74.03;1007.03;619
2018-08-27 16:24:38.660465;5;21.26;74.4;1007.51;619
2018-08-27 16:24:38.895040;6;20.9;75.29;1007.18;619
2018-08-27 16:24:39.130023;7;20.74;78.05;1007.28;619
2018-08-27 16:24:39.364273;8;20.62;74.7;1007.1;619
2018-08-27 16:24:39.599559;9;21.08;75.55;1007.16;619
2018-08-27 16:24:39.833832;10;20.92;75.29;1007.35;619
2018-08-27 16:24:40.636631;11;21.51;71.34;1006.83;619
2018-08-27 16:24:41.654713;1;21.11;74.42;1007.42;620
2018-08-27 16:24:41.890022;2;21.18;73.58;1007.18;620
2018-08-27 16:24:42.125299;3;21.24;74.7;1007.12;620
2018-08-27 16:24:42.359286;4;21.62;73.56;1007.09;620
2018-08-27 16:24:42.594141;5;21.27;73.8;1007.55;620
2018-08-27 16:24:42.829077;6;20.91;73.89;1007.18;620
2018-08-27 16:24:43.063154;7;20.79;76.97;1007.35;620
2018-08-27 16:24:43.298415;8;20.61;73.36;1007.08;620
2018-08-27 16:24:43.532655;9;21.08;74.25;1007.17;620
2018-08-27 16:24:43.767782;10;20.94;74.31;1007.38;620
2018-08-27 16:24:44.563141;11;21.53;70.36;1007.26;620
2018-08-27 16:24:45.565987;1;21.13;73.16;1007.42;621
2018-08-27 16:24:45.801223;2;21.19;72.16;1007.07;621
2018-08-27 16:24:46.036353;3;21.2;72.84;1007.12;621
2018-08-27 16:24:46.270774;4;21.57;71.49;1007.09;621
2018-08-27 16:24:46.929163;5;21.23;71.87;1007.67;621
2018-08-27 16:24:47.163984;6;20.86;72.65;1007.23;621
2018-08-27 16:24:47.398971;7;20.7;75.06;1007.24;621
2018-08-27 16:24:47.633338;8;20.61;72.24;1007.12;621
2018-08-27 16:24:47.868518;9;21.01;73.3;1007.12;621
2018-08-27 16:24:48.103175;10;20.86;72.95;1007.31;621
2018-08-27 16:24:48.470792;11;21.28;69.15;1007.22;621
2018-08-27 16:24:49.472507;1;20.97;71.92;1007.46;622
2018-08-27 16:24:49.708069;2;21.07;71.09;1007.2;622
2018-08-27 16:24:49.942924;3;21.11;71.21;1007.26;622
2018-08-27 16:24:50.176960;4;21.47;70.34;1007.14;622
2018-08-27 16:24:50.411457;5;21.13;71.29;1007.51;622
2018-08-27 16:24:50.647386;6;20.78;71.81;1007.36;622
2018-08-27 16:24:50.881184;7;20.6;74.02;1007.31;622
2018-08-27 16:24:51.116417;8;20.54;71.48;1007.01;622
2018-08-27 16:24:51.350920;9;20.94;72.48;1007.15;622
2018-08-27 16:24:51.584869;10;20.78;72.07;1007.3;622
2018-08-27 16:24:52.383103;11;21.27;68.38;1007.2;622
2018-08-27 16:24:53.384511;1;20.87;71.48;1007.44;623
2018-08-27 16:24:53.620130;2;20.97;70.52;1007.21;623
2018-08-27 16:24:53.854153;3;21.04;70.7;1007.2;623
2018-08-27 16:24:54.089022;4;21.36;69.96;1007.16;623
2018-08-27 16:24:54.323448;5;21.06;70.77;1007.54;623
2018-08-27 16:24:54.558235;6;20.71;71.5;1007.13;623
2018-08-27 16:24:54.793122;7;20.54;73.82;1007.35;623
2018-08-27 16:24:55.027212;8;20.5;71.03;1007.04;623
2018-08-27 16:24:55.262529;9;20.84;72.01;1007.15;623
2018-08-27 16:24:55.497359;10;20.7;71.52;1007.36;623
2018-08-27 16:24:56.293749;11;21.17;67.98;1006.94;623
2018-08-27 16:24:57.294066;1;20.74;71.0;1007.4;624
2018-08-27 16:24:57.529443;2;20.86;70.19;1007.24;624
2018-08-27 16:24:57.764463;3;20.94;70.4;1007.28;624
2018-08-27 16:24:57.998654;4;21.24;69.92;1007.06;624
2018-08-27 16:24:58.232997;5;20.96;70.67;1007.52;624
2018-08-27 16:24:58.468064;6;20.64;71.56;1007.22;624
2018-08-27 16:24:58.702499;7;20.47;73.99;1007.34;624
2018-08-27 16:24:58.938069;8;20.44;71.23;1007.12;624
2018-08-27 16:24:59.172121;9;20.78;72.36;1007.17;624
2018-08-27 16:24:59.408410;10;20.63;71.77;1007.37;624
2018-08-27 16:25:00.154925;11;21.1;68.51;1007.29;624
2018-08-27 16:25:01.172938;1;20.7;72.1;1007.44;625
2018-08-27 16:25:01.408174;2;20.82;71.36;1007.25;625
2018-08-27 16:25:01.643143;3;20.9;71.89;1007.26;625
2018-08-27 16:25:01.877431;4;21.18;71.45;1007.06;625
2018-08-27 16:25:02.112104;5;20.92;71.89;1007.55;625
2018-08-27 16:25:02.346953;6;20.62;72.88;1007.29;625
2018-08-27 16:25:02.581609;7;20.45;74.99;1007.27;625
2018-08-27 16:25:02.816946;8;20.43;72.11;1007.06;625
2018-08-27 16:25:03.050453;9;20.74;73.23;1007.18;625
2018-08-27 16:25:03.285240;10;20.57;72.5;1007.3;625
2018-08-27 16:25:04.038862;11;21.02;69.1;1007.31;625
2018-08-27 16:25:05.050804;1;20.61;71.86;1007.41;626
2018-08-27 16:25:05.285603;2;20.69;71.09;1007.26;626
2018-08-27 16:25:05.520065;3;20.78;71.3;1007.24;626
2018-08-27 16:25:05.754923;4;21.09;70.6;1007.1;626
2018-08-27 16:25:05.990199;5;20.85;71.11;1007.55;626
2018-08-27 16:25:06.224152;6;20.55;71.91;1007.38;626
2018-08-27 16:25:06.459438;7;20.39;74.22;1007.25;626
2018-08-27 16:25:06.693778;8;20.36;71.34;1007.09;626
2018-08-27 16:25:06.928307;9;20.65;72.6;1007.31;626
2018-08-27 16:25:07.164094;10;20.5;72.0;1007.32;626
2018-08-27 16:25:07.918051;11;20.96;68.75;1007.3;626
2018-08-27 16:25:08.933406;1;20.56;72.19;1007.44;627
2018-08-27 16:25:09.168530;2;20.67;71.47;1007.33;627
2018-08-27 16:25:09.403054;3;20.75;71.96;1007.16;627
2018-08-27 16:25:09.637907;4;21.02;71.61;1007.05;627
2018-08-27 16:25:09.872891;5;20.77;72.13;1007.74;627
2018-08-27 16:25:10.107732;6;20.52;73.05;1007.28;627
2018-08-27 16:25:10.341902;7;20.35;75.2;1007.29;627
2018-08-27 16:25:10.577254;8;20.34;72.47;1007.08;627
2018-08-27 16:25:10.811472;9;20.62;73.76;1007.23;627
2018-08-27 16:25:11.046182;10;20.47;73.02;1007.36;627
2018-08-27 16:25:11.844655;11;20.9;69.84;1007.29;627
2018-08-27 16:25:12.858547;1;20.53;72.89;1007.36;628
2018-08-27 16:25:13.093302;2;20.64;72.12;1007.27;628
2018-08-27 16:25:13.327621;3;20.7;72.75;1007.21;628
2018-08-27 16:25:13.563011;4;20.98;72.35;1007.1;628
2018-08-27 16:25:13.797457;5;20.74;72.71;1007.51;628
2018-08-27 16:25:14.031748;6;20.5;73.58;1007.18;628
2018-08-27 16:25:14.267084;7;20.33;75.79;1007.35;628
2018-08-27 16:25:14.501347;8;20.32;72.75;1007.09;628
2018-08-27 16:25:14.736853;9;20.58;74.09;1007.33;628
2018-08-27 16:25:14.970618;10;20.43;73.43;1007.36;628
2018-08-27 16:25:15.761559;11;20.8;70.24;1007.21;628
2018-08-27 16:25:16.778496;1;20.53;73.24;1007.4;629
2018-08-27 16:25:17.014316;2;20.61;72.5;1007.24;629
2018-08-27 16:25:17.248281;3;20.67;73.15;1007.2;629
2018-08-27 16:25:17.483187;4;20.96;72.6;1007.08;629
2018-08-27 16:25:17.717624;5;20.73;72.88;1007.6;629
2018-08-27 16:25:17.951903;6;20.49;73.5;1007.2;629
2018-08-27 16:25:18.187179;7;20.34;75.69;1007.28;629
2018-08-27 16:25:18.422421;8;20.32;72.68;1007.05;629
2018-08-27 16:25:18.656459;9;20.55;74.03;1007.23;629
2018-08-27 16:25:18.891588;10;20.42;73.33;1007.34;629
2018-08-27 16:25:19.695006;11;20.81;70.1;1006.77;629
2018-08-27 16:25:20.706837;1;20.48;72.79;1007.42;630
2018-08-27 16:25:20.941654;2;20.55;72.05;1007.28;630
2018-08-27 16:25:21.177365;3;20.6;72.51;1007.16;630
2018-08-27 16:25:21.411697;4;20.87;72.04;1007.11;630
2018-08-27 16:25:21.646577;5;20.66;72.34;1007.71;630
2018-08-27 16:25:21.880815;6;20.42;73.02;1007.17;630
2018-08-27 16:25:22.115377;7;20.25;75.33;1007.21;630
2018-08-27 16:25:22.350641;8;20.25;72.45;1007.07;630
2018-08-27 16:25:22.584674;9;20.48;73.85;1007.1;630
2018-08-27 16:25:22.819551;10;20.33;73.19;1007.37;630
2018-08-27 16:25:23.619142;11;20.74;70.08;1007.29;630
2018-08-27 16:25:24.638275;1;20.43;72.99;1007.44;631
2018-08-27 16:25:24.873802;2;20.48;72.27;1007.11;631
2018-08-27 16:25:25.107652;3;20.53;72.74;1007.15;631
2018-08-27 16:25:25.342463;4;20.8;72.34;1007.09;631
2018-08-27 16:25:25.577332;5;20.58;72.65;1007.52;631
2018-08-27 16:25:25.812647;6;20.36;73.58;1007.11;631
2018-08-27 16:25:26.046465;7;20.23;75.88;1007.28;631
2018-08-27 16:25:26.280930;8;20.21;73.1;1007.24;631
2018-08-27 16:25:26.516341;9;20.45;74.5;1007.1;631
2018-08-27 16:25:26.751640;10;20.31;73.84;1007.39;631
2018-08-27 16:25:27.541149;11;20.73;70.79;1007.25;631
2018-08-27 16:25:28.542084;1;20.41;73.42;1007.47;632
2018-08-27 16:25:28.777194;2;20.46;72.7;1007.2;632
2018-08-27 16:25:29.011004;3;20.5;73.24;1007.23;632
2018-08-27 16:25:29.246893;4;20.81;72.67;1007.16;632
2018-08-27 16:25:29.480610;5;20.58;73.01;1007.59;632
2018-08-27 16:25:29.715972;6;20.34;73.63;1007.15;632
2018-08-27 16:25:29.949908;7;20.21;75.87;1007.31;632
2018-08-27 16:25:30.184760;8;20.2;72.91;1007.05;632
2018-08-27 16:25:30.419879;9;20.42;74.3;1007.08;632
2018-08-27 16:25:30.654637;10;20.3;73.56;1007.29;632
2018-08-27 16:25:31.458808;11;20.67;70.44;1006.63;632
2018-08-27 16:25:32.459466;1;20.38;73.03;1007.7;633
2018-08-27 16:25:32.694296;2;20.43;72.39;1007.17;633
2018-08-27 16:25:32.929122;3;20.47;72.94;1007.2;633
2018-08-27 16:25:33.164237;4;20.78;72.37;1007.45;633
2018-08-27 16:25:33.398902;5;20.55;72.68;1007.48;633
2018-08-27 16:25:33.633235;6;20.31;73.18;1007.18;633
2018-08-27 16:25:33.867691;7;20.19;75.37;1007.38;633
2018-08-27 16:25:34.102516;8;20.17;72.46;1007.05;633
2018-08-27 16:25:34.338024;9;20.41;74.14;1007.19;633
2018-08-27 16:25:34.571773;10;20.29;73.5;1007.39;633
2018-08-27 16:25:35.384138;11;20.64;70.58;1007.31;633
2018-08-27 16:25:36.385474;1;20.38;73.36;1007.1;634
2018-08-27 16:25:36.620725;2;20.41;72.65;1007.12;634
2018-08-27 16:25:36.855216;3;20.44;73.12;1007.17;634
2018-08-27 16:25:37.090010;4;20.73;72.61;1007.09;634
2018-08-27 16:25:37.324375;5;20.54;72.84;1007.54;634
2018-08-27 16:25:37.559181;6;20.29;73.23;1007.14;634
2018-08-27 16:25:37.793684;7;20.16;75.37;1007.33;634
2018-08-27 16:25:38.029549;8;20.14;72.32;1007.03;634
2018-08-27 16:25:38.263723;9;20.35;73.87;1007.06;634
2018-08-27 16:25:38.498189;10;20.25;73.21;1007.35;634
2018-08-27 16:25:39.293635;11;20.6;70.28;1006.92;634
2018-08-27 16:25:40.295391;1;20.31;73.36;1007.42;635
2018-08-27 16:25:40.529872;2;20.35;72.87;1007.11;635
2018-08-27 16:25:40.764662;3;20.4;73.55;1007.14;635
2018-08-27 16:25:41.000138;4;20.7;73.13;1007.1;635
2018-08-27 16:25:41.234310;5;20.5;73.36;1007.55;635
2018-08-27 16:25:41.470019;6;20.26;74.19;1007.11;635
2018-08-27 16:25:41.704166;7;20.12;76.17;1007.27;635
2018-08-27 16:25:41.938384;8;20.09;73.33;1007.0;635
2018-08-27 16:25:42.173170;9;20.31;74.71;1007.1;635
2018-08-27 16:25:42.407693;10;20.21;73.77;1007.28;635
2018-08-27 16:25:43.163997;11;20.53;70.79;1007.21;635
2018-08-27 16:25:44.181736;1;20.24;73.08;1007.5;636
2018-08-27 16:25:44.416765;2;20.28;72.48;1007.18;636
2018-08-27 16:25:44.651100;3;20.35;72.85;1007.22;636
2018-08-27 16:25:44.885920;4;20.64;72.34;1007.07;636
2018-08-27 16:25:45.120700;5;20.43;72.68;1007.57;636
2018-08-27 16:25:45.355558;6;20.2;73.18;1007.13;636
2018-08-27 16:25:45.590532;7;20.06;75.36;1007.32;636
2018-08-27 16:25:45.825076;8;20.03;72.32;1007.01;636
2018-08-27 16:25:46.059755;9;20.23;73.8;1007.08;636
2018-08-27 16:25:46.295045;10;20.15;72.99;1007.32;636
2018-08-27 16:25:47.047309;11;20.49;70.03;1007.29;636
2018-08-27 16:25:48.065017;1;20.16;72.42;1007.4;637
2018-08-27 16:25:48.299890;2;20.22;71.79;1007.34;637
2018-08-27 16:25:48.534680;3;20.31;72.01;1007.16;637
2018-08-27 16:25:48.769513;4;20.59;71.49;1007.09;637
2018-08-27 16:25:49.004015;5;20.39;71.95;1007.56;637
2018-08-27 16:25:49.238765;6;20.15;72.52;1007.13;637
2018-08-27 16:25:49.473219;7;20.0;74.73;1007.32;637
2018-08-27 16:25:49.708618;8;20.0;71.92;1007.16;637
2018-08-27 16:25:50.375605;9;20.22;73.52;1007.14;637
2018-08-27 16:25:50.611093;10;20.12;72.76;1007.37;637
2018-08-27 16:25:50.933129;11;20.41;69.89;1007.26;637
2018-08-27 16:25:52.744948;1;20.08;72.02;1007.45;638
2018-08-27 16:25:52.979782;2;20.13;71.34;1007.21;638
2018-08-27 16:25:53.215159;3;20.21;71.55;1007.21;638
2018-08-27 16:25:53.449373;4;20.52;71.02;1007.11;638
2018-08-27 16:25:53.684147;5;20.33;71.47;1007.7;638
2018-08-27 16:25:53.919203;6;20.06;72.04;1007.1;638
2018-08-27 16:25:54.153147;7;19.91;74.24;1007.3;638
2018-08-27 16:25:54.388004;8;19.91;71.41;1007.4;638
2018-08-27 16:25:54.622895;9;20.1;73.02;1007.19;638
2018-08-27 16:25:54.857459;10;20.02;72.21;1007.31;638
2018-08-27 16:25:55.656013;11;20.33;69.49;1007.22;638
2018-08-27 16:25:56.674283;1;20.01;72.42;1007.55;639
2018-08-27 16:25:56.909153;2;20.07;71.74;1007.3;639
2018-08-27 16:25:57.144637;3;20.16;72.14;1007.2;639
2018-08-27 16:25:57.378430;4;20.44;71.71;1007.09;639
2018-08-27 16:25:57.613904;5;20.26;71.95;1007.66;639
2018-08-27 16:25:57.848067;6;20.01;72.57;1007.06;639
2018-08-27 16:25:58.082507;7;19.88;74.71;1007.3;639
2018-08-27 16:25:58.317984;8;19.87;71.86;1007.16;639
2018-08-27 16:25:58.553098;9;20.07;73.6;1007.12;639
2018-08-27 16:25:58.787453;10;19.98;72.78;1007.38;639
2018-08-27 16:26:00.051791;11;20.24;70.17;1007.2;639
2018-08-27 16:26:01.065787;1;19.98;73.16;1007.43;640
2018-08-27 16:26:01.300273;2;20.02;72.54;1007.2;640
2018-08-27 16:26:01.535124;3;20.12;73.09;1007.28;640
2018-08-27 16:26:01.771121;4;20.39;72.63;1007.05;640
2018-08-27 16:26:02.005015;5;20.19;72.78;1007.46;640
2018-08-27 16:26:02.239879;6;19.97;73.46;1007.26;640
2018-08-27 16:26:02.474093;7;19.84;75.71;1007.34;640
2018-08-27 16:26:02.708956;8;19.83;72.75;1007.02;640
2018-08-27 16:26:02.943559;9;20.01;74.51;1007.17;640
2018-08-27 16:26:03.177792;10;19.93;73.65;1007.44;640
2018-08-27 16:26:03.928610;11;20.25;70.95;1007.5;640
2018-08-27 16:26:04.945034;1;19.96;73.74;1007.34;641
2018-08-27 16:26:05.179160;2;20.01;73.12;1007.19;641
2018-08-27 16:26:05.413813;3;20.09;73.87;1007.51;641
2018-08-27 16:26:05.648443;4;20.36;73.47;1007.08;641
2018-08-27 16:26:05.883937;5;20.18;73.49;1007.6;641
2018-08-27 16:26:06.117705;6;19.96;74.14;1007.19;641
2018-08-27 16:26:06.352552;7;19.84;76.17;1007.41;641
2018-08-27 16:26:06.587335;8;19.81;73.23;1007.08;641
2018-08-27 16:26:06.821852;9;19.99;74.82;1007.14;641
2018-08-27 16:26:07.057435;10;19.91;73.98;1007.42;641
2018-08-27 16:26:07.851892;11;20.21;71.12;1007.42;641
2018-08-27 16:26:08.867900;1;19.94;73.88;1007.38;642
2018-08-27 16:26:09.102730;2;19.98;73.37;1007.19;642
2018-08-27 16:26:09.337558;3;20.07;73.88;1007.2;642
2018-08-27 16:26:09.572355;4;20.37;73.35;1007.08;642
2018-08-27 16:26:09.806858;5;20.18;73.54;1007.44;642
2018-08-27 16:26:10.042321;6;19.97;74.43;1007.1;642
2018-08-27 16:26:10.277176;7;19.89;76.71;1007.28;642
2018-08-27 16:26:10.511462;8;19.84;73.68;1006.99;642
2018-08-27 16:26:10.746281;9;20.04;75.22;1007.13;642
2018-08-27 16:26:10.980625;10;19.94;74.23;1007.35;642
2018-08-27 16:26:11.773044;11;20.25;71.92;1007.25;642
2018-08-27 16:26:12.787366;1;20.03;74.76;1007.39;643
2018-08-27 16:26:13.022196;2;20.07;74.15;1007.17;643
2018-08-27 16:26:13.257030;3;20.13;74.76;1007.21;643
2018-08-27 16:26:13.491500;4;20.41;74.69;1007.08;643
2018-08-27 16:26:13.727040;5;20.22;74.72;1007.45;643
2018-08-27 16:26:13.961906;6;20.03;75.56;1007.13;643
2018-08-27 16:26:14.196058;7;19.96;77.92;1007.31;643
2018-08-27 16:26:14.431009;8;19.89;74.71;1007.0;643
2018-08-27 16:26:14.665567;9;20.05;76.54;1007.15;643
2018-08-27 16:26:14.899672;10;19.98;75.5;1007.34;643
2018-08-27 16:26:16.153940;11;20.37;73.02;1006.45;643
2018-08-27 16:26:17.171342;1;20.09;75.71;1007.42;644
2018-08-27 16:26:17.405877;2;20.11;74.94;1007.17;644
2018-08-27 16:26:17.640682;3;20.16;75.87;1007.18;644
2018-08-27 16:26:17.875479;4;20.45;75.68;1007.08;644
2018-08-27 16:26:18.109954;5;20.27;75.4;1007.53;644
2018-08-27 16:26:18.345351;6;20.07;75.91;1007.17;644
2018-08-27 16:26:18.580477;7;20.0;78.09;1007.28;644
2018-08-27 16:26:18.814733;8;19.93;74.96;1007.06;644
2018-08-27 16:26:19.049649;9;20.07;76.8;1007.11;644
2018-08-27 16:26:19.284134;10;20.01;75.98;1007.33;644
2018-08-27 16:26:20.038981;11;20.46;72.5;1007.26;644
2018-08-27 16:26:21.053623;1;20.1;74.89;1007.42;645
2018-08-27 16:26:21.288299;2;20.12;74.38;1007.2;645
2018-08-27 16:26:21.522720;3;20.17;75.06;1007.19;645
2018-08-27 16:26:21.757417;4;20.47;74.5;1007.17;645
2018-08-27 16:26:21.992222;5;20.28;74.6;1007.57;645
2018-08-27 16:26:22.226687;6;20.05;74.96;1007.17;645
2018-08-27 16:26:22.461505;7;20.01;77.01;1007.35;645
2018-08-27 16:26:22.696329;8;19.94;74.14;1007.04;645
2018-08-27 16:26:22.930823;9;20.09;75.97;1007.13;645
2018-08-27 16:26:23.165613;10;20.02;75.07;1007.35;645
2018-08-27 16:26:23.913065;11;20.49;71.83;1007.28;645
2018-08-27 16:26:24.927394;1;20.1;74.72;1007.46;646
2018-08-27 16:26:25.162223;2;20.11;74.18;1007.14;646
2018-08-27 16:26:25.397098;3;20.16;74.79;1007.22;646
2018-08-27 16:26:25.631500;4;20.45;74.32;1007.19;646
2018-08-27 16:26:25.866301;5;20.28;74.47;1007.48;646
2018-08-27 16:26:26.101882;6;20.04;75.33;1007.15;646
2018-08-27 16:26:26.336294;7;20.0;76.9;1007.25;646
2018-08-27 16:26:26.570907;8;19.94;74.14;1007.02;646
2018-08-27 16:26:26.805652;9;20.08;75.93;1007.1;646
2018-08-27 16:26:27.040431;10;20.01;74.99;1007.34;646
2018-08-27 16:26:27.828428;11;20.48;71.92;1007.3;646
2018-08-27 16:26:29.152147;1;20.08;74.8;1007.38;647
2018-08-27 16:26:29.387356;2;20.11;74.22;1007.16;647
2018-08-27 16:26:29.621409;3;20.16;75.18;1007.2;647
2018-08-27 16:26:29.856604;4;20.45;74.68;1007.09;647
2018-08-27 16:26:30.090972;5;20.28;74.63;1007.51;647
2018-08-27 16:26:30.325297;6;20.04;75.53;1007.13;647
2018-08-27 16:26:30.559840;7;20.01;77.17;1007.36;647
2018-08-27 16:26:30.794678;8;19.94;74.62;1007.03;647
2018-08-27 16:26:31.029206;9;20.1;76.31;1007.13;647
2018-08-27 16:26:31.263949;10;20.01;75.4;1007.34;647
2018-08-27 16:26:32.014464;11;20.47;72.16;1007.27;647
2018-08-27 16:26:33.028059;1;20.09;74.94;1007.41;648
2018-08-27 16:26:33.261950;2;20.13;74.36;1007.21;648
2018-08-27 16:26:33.496773;3;20.18;75.14;1007.21;648
2018-08-27 16:26:33.731597;4;20.46;74.67;1007.11;648
2018-08-27 16:26:33.966017;5;20.29;74.82;1007.41;648
2018-08-27 16:26:34.200871;6;20.05;75.61;1007.12;648
2018-08-27 16:26:34.435660;7;20.03;77.25;1007.35;648
2018-08-27 16:26:34.670166;8;19.96;74.68;1007.05;648
2018-08-27 16:26:34.904898;9;20.12;76.42;1007.07;648
2018-08-27 16:26:35.140281;10;20.02;75.53;1007.34;648
2018-08-27 16:26:36.240798;11;20.48;72.49;1007.26;648
2018-08-27 16:26:37.243236;1;20.08;75.24;1007.48;649
2018-08-27 16:26:37.477622;2;20.14;74.62;1007.25;649
2018-08-27 16:26:37.712191;3;20.16;75.45;1007.16;649
2018-08-27 16:26:37.946574;4;20.46;75.01;1007.1;649
2018-08-27 16:26:38.181070;5;20.3;75.11;1007.49;649
2018-08-27 16:26:38.415922;6;20.06;75.84;1007.14;649
2018-08-27 16:26:38.650729;7;20.03;77.54;1007.29;649
2018-08-27 16:26:38.885162;8;19.98;74.81;1007.05;649
2018-08-27 16:26:39.119965;9;20.11;76.75;1007.18;649
2018-08-27 16:26:39.354862;10;20.01;75.98;1007.35;649
2018-08-27 16:26:40.098824;11;20.45;72.97;1007.38;649
2018-08-27 16:26:41.114526;1;20.12;75.79;1007.39;650
2018-08-27 16:26:41.349786;2;20.16;75.17;1007.19;650
2018-08-27 16:26:41.584854;3;20.18;76.36;1007.23;650
2018-08-27 16:26:41.819234;4;20.49;75.97;1007.25;650
2018-08-27 16:26:42.053723;5;20.31;75.63;1007.5;650
2018-08-27 16:26:42.288306;6;20.07;76.48;1007.19;650
2018-08-27 16:26:42.522825;7;20.07;78.21;1007.35;650
2018-08-27 16:26:42.757554;8;20.0;75.33;1007.13;650
2018-08-27 16:26:42.992380;9;20.14;77.05;1007.21;650
2018-08-27 16:26:43.226864;10;20.04;76.06;1007.37;650
2018-08-27 16:26:43.979065;11;20.34;72.7;1007.07;650
2018-08-27 16:26:44.992733;1;20.12;75.5;1007.45;651
2018-08-27 16:26:45.227540;2;20.19;74.82;1007.2;651
2018-08-27 16:26:45.462083;3;20.18;75.69;1007.23;651
2018-08-27 16:26:45.697138;4;20.48;75.19;1007.1;651
2018-08-27 16:26:45.931626;5;20.31;75.28;1007.49;651
2018-08-27 16:26:46.166529;6;20.07;76.13;1007.17;651
2018-08-27 16:26:46.401421;7;20.07;77.81;1007.32;651
2018-08-27 16:26:46.637165;8;20.01;75.01;1007.06;651
2018-08-27 16:26:46.870564;9;20.15;76.9;1007.14;651
2018-08-27 16:26:47.105048;10;20.05;76.08;1007.35;651
2018-08-27 16:26:47.866438;11;20.44;73.24;1007.3;651
2018-08-27 16:26:48.882825;1;20.11;75.58;1007.34;652
2018-08-27 16:26:49.118175;2;20.16;74.76;1007.11;652
2018-08-27 16:26:49.352916;3;20.14;75.51;1007.2;652
2018-08-27 16:26:49.587257;4;20.47;75.03;1007.1;652
2018-08-27 16:26:49.822307;5;20.32;75.23;1007.53;652
2018-08-27 16:26:50.056942;6;20.05;75.78;1007.1;652
2018-08-27 16:26:50.292027;7;20.03;77.24;1007.27;652
2018-08-27 16:26:50.526103;8;19.99;74.46;1007.04;652
2018-08-27 16:26:50.760674;9;20.14;76.34;1007.16;652
2018-08-27 16:26:50.995176;10;20.02;75.46;1007.33;652
2018-08-27 16:26:51.794503;11;20.38;72.54;1007.35;652
2018-08-27 16:26:52.809139;1;20.08;74.88;1007.37;653
2018-08-27 16:26:53.044388;2;20.13;74.12;1007.18;653
2018-08-27 16:26:53.278462;3;20.13;74.84;1007.17;653
2018-08-27 16:26:53.513553;4;20.44;74.36;1007.05;653
2018-08-27 16:26:53.748814;5;20.3;74.54;1007.46;653
2018-08-27 16:26:53.982562;6;20.01;75.23;1007.14;653
2018-08-27 16:26:54.217345;7;20.01;76.81;1007.28;653
2018-08-27 16:26:54.452165;8;19.97;74.23;1007.07;653
2018-08-27 16:26:54.686658;9;20.12;76.24;1007.05;653
2018-08-27 16:26:54.922325;10;20.01;75.3;1007.36;653
2018-08-27 16:26:55.714844;11;20.26;72.95;1007.04;653
2018-08-27 16:26:56.727480;1;20.11;75.5;1007.37;654
2018-08-27 16:26:56.962611;2;20.18;74.93;1007.19;654
2018-08-27 16:26:57.197735;3;20.18;75.99;1007.15;654
2018-08-27 16:26:57.431809;4;20.47;75.58;1007.11;654
2018-08-27 16:26:57.666209;5;20.32;75.6;1007.5;654
2018-08-27 16:26:57.900984;6;20.07;76.37;1007.15;654
2018-08-27 16:26:58.135835;7;20.05;77.44;1007.27;654
2018-08-27 16:26:58.370276;8;20.02;74.95;1006.99;654
2018-08-27 16:26:58.605127;9;20.16;77.12;1007.15;654
2018-08-27 16:26:58.839974;10;20.05;76.2;1007.33;654
2018-08-27 16:26:59.638560;11;20.4;73.53;1007.23;654
2018-08-27 16:27:00.655814;1;20.16;76.09;1007.38;655
2018-08-27 16:27:00.890101;2;20.22;75.25;1007.12;655
2018-08-27 16:27:01.124630;3;20.2;76.22;1007.18;655
2018-08-27 16:27:01.359383;4;20.51;75.94;1007.13;655
2018-08-27 16:27:01.594733;5;20.36;75.94;1007.47;655
2018-08-27 16:27:01.829801;6;20.07;76.4;1007.15;655
2018-08-27 16:27:02.064681;7;20.06;77.82;1007.32;655
2018-08-27 16:27:02.298680;8;20.01;74.97;1007.06;655
2018-08-27 16:27:02.533513;9;20.17;76.91;1007.11;655
2018-08-27 16:27:02.767746;10;20.07;76.24;1007.32;655
2018-08-27 16:27:03.560850;11;20.41;73.21;1007.24;655
2018-08-27 16:27:04.561458;1;20.14;75.3;1007.32;656
2018-08-27 16:27:04.797078;2;20.2;74.51;1007.17;656
2018-08-27 16:27:05.031655;3;20.21;75.49;1007.25;656
2018-08-27 16:27:05.266401;4;20.49;75.0;1007.07;656
2018-08-27 16:27:05.500741;5;20.34;75.0;1007.46;656
2018-08-27 16:27:05.735731;6;20.05;75.9;1007.2;656
2018-08-27 16:27:05.970029;7;20.03;77.28;1007.36;656
2018-08-27 16:27:06.204788;8;19.98;74.49;1007.05;656
2018-08-27 16:27:06.439317;9;20.14;76.33;1007.16;656
2018-08-27 16:27:06.674070;10;20.04;75.51;1007.39;656
2018-08-27 16:27:07.911977;11;20.39;72.81;1006.7;656
2018-08-27 16:27:08.925287;1;20.12;75.14;1007.37;657
2018-08-27 16:27:09.159792;2;20.19;74.44;1007.13;657
2018-08-27 16:27:09.394601;3;20.19;75.32;1007.23;657
2018-08-27 16:27:09.629441;4;20.47;74.92;1007.1;657
2018-08-27 16:27:09.863846;5;20.34;75.06;1007.51;657
2018-08-27 16:27:10.098704;6;20.05;76.03;1007.14;657
2018-08-27 16:27:10.333519;7;20.03;77.55;1007.35;657
2018-08-27 16:27:10.568048;8;20.0;74.9;1007.0;657
2018-08-27 16:27:10.803754;9;20.16;76.84;1007.09;657
2018-08-27 16:27:11.038213;10;20.05;75.92;1007.32;657
2018-08-27 16:27:11.832854;11;20.38;73.34;1006.74;657
2018-08-27 16:27:12.846522;1;20.13;75.67;1007.36;658
2018-08-27 16:27:13.081280;2;20.21;74.91;1007.21;658
2018-08-27 16:27:13.316134;3;20.2;75.91;1007.23;658
2018-08-27 16:27:13.550588;4;20.47;75.48;1007.11;658
2018-08-27 16:27:13.785404;5;20.34;75.39;1007.51;658
2018-08-27 16:27:14.020280;6;20.07;76.28;1007.16;658
2018-08-27 16:27:14.255285;7;20.03;77.88;1007.3;658
2018-08-27 16:27:14.489996;8;20.01;75.0;1007.06;658
2018-08-27 16:27:14.724816;9;20.15;76.92;1007.16;658
2018-08-27 16:27:14.960052;10;20.05;76.14;1007.36;658
2018-08-27 16:27:15.763051;11;20.37;73.58;1007.33;658
2018-08-27 16:27:16.776240;1;20.14;76.16;1007.47;659
2018-08-27 16:27:17.012049;2;20.22;75.42;1007.16;659
2018-08-27 16:27:17.246189;3;20.21;76.46;1007.24;659
2018-08-27 16:27:17.481414;4;20.47;76.18;1007.14;659
2018-08-27 16:27:17.715863;5;20.37;76.02;1007.6;659
2018-08-27 16:27:18.277909;6;20.1;76.99;1007.17;659
2018-08-27 16:27:18.513371;7;20.05;78.76;1007.3;659
2018-08-27 16:27:18.747895;8;20.04;75.8;1007.03;659
2018-08-27 16:27:18.982382;9;20.17;77.67;1007.09;659
2018-08-27 16:27:19.217448;10;20.06;76.87;1007.38;659
2018-08-27 16:27:19.694634;11;20.38;74.31;1007.27;659
2018-08-27 16:27:20.711042;1;20.17;76.68;1007.36;660
2018-08-27 16:27:20.945882;2;20.23;75.94;1007.17;660
2018-08-27 16:27:21.181064;3;20.23;77.14;1007.28;660
2018-08-27 16:27:21.416161;4;20.49;76.6;1007.09;660
2018-08-27 16:27:21.650697;5;20.38;76.18;1007.5;660
2018-08-27 16:27:21.885470;6;20.1;77.29;1007.19;660
2018-08-27 16:27:22.119963;7;20.1;79.17;1007.26;660
2018-08-27 16:27:22.354448;8;20.03;75.88;1007.07;660
2018-08-27 16:27:22.589228;9;20.18;77.8;1007.08;660
2018-08-27 16:27:22.823386;10;20.07;77.08;1007.39;660
2018-08-27 16:27:23.620644;11;20.38;74.04;1007.21;660
2018-08-27 16:27:24.631896;1;20.16;76.2;1007.39;661
2018-08-27 16:27:24.866714;2;20.19;75.44;1007.19;661
2018-08-27 16:27:25.101188;3;20.22;76.74;1007.19;661
2018-08-27 16:27:25.336613;4;20.49;76.19;1007.12;661
2018-08-27 16:27:25.571596;5;20.38;75.74;1007.52;661
2018-08-27 16:27:25.805903;6;20.07;76.89;1007.15;661
2018-08-27 16:27:26.041150;7;20.09;78.51;1007.37;661
2018-08-27 16:27:26.275404;8;20.02;75.58;1007.06;661
2018-08-27 16:27:26.510050;9;20.18;77.43;1007.13;661
2018-08-27 16:27:26.745005;10;20.07;76.75;1007.35;661
2018-08-27 16:27:27.542528;11;20.38;73.92;1006.63;661
2018-08-27 16:27:28.544559;1;20.18;76.27;1007.38;662
2018-08-27 16:27:28.779390;2;20.21;75.57;1007.21;662
2018-08-27 16:27:29.013860;3;20.24;76.8;1007.2;662
2018-08-27 16:27:29.249216;4;20.5;76.09;1007.1;662
2018-08-27 16:27:29.483485;5;20.38;75.69;1007.48;662
2018-08-27 16:27:29.717965;6;20.08;76.87;1007.19;662
2018-08-27 16:27:29.952746;7;20.12;78.92;1007.38;662
2018-08-27 16:27:30.187622;8;20.02;75.95;1007.05;662
2018-08-27 16:27:30.422189;9;20.19;77.65;1007.14;662
2018-08-27 16:27:30.656944;10;20.09;77.04;1007.41;662
2018-08-27 16:27:31.457553;11;20.34;74.04;1007.31;662
2018-08-27 16:27:32.461711;1;20.19;76.19;1007.37;663
2018-08-27 16:27:32.695421;2;20.24;75.46;1007.21;663
2018-08-27 16:27:32.930254;3;20.26;76.42;1007.16;663
2018-08-27 16:27:33.164907;4;20.53;76.07;1007.13;663
2018-08-27 16:27:33.399805;5;20.4;75.92;1007.5;663
2018-08-27 16:27:33.633681;6;20.1;77.38;1007.17;663
2018-08-27 16:27:33.868772;7;20.13;78.77;1007.32;663
2018-08-27 16:27:34.103284;8;20.05;75.92;1007.11;663
2018-08-27 16:27:34.338216;9;20.21;77.8;1007.1;663
2018-08-27 16:27:34.572589;10;20.1;76.95;1007.35;663
2018-08-27 16:27:35.374972;11;20.39;74.16;1006.88;663
2018-08-27 16:27:36.377046;1;20.2;76.28;1007.38;664
2018-08-27 16:27:36.611892;2;20.23;75.51;1007.19;664
2018-08-27 16:27:36.846332;3;20.27;76.43;1007.3;664
2018-08-27 16:27:37.081138;4;20.53;75.7;1007.05;664
2018-08-27 16:27:37.316031;5;20.39;75.44;1007.53;664
2018-08-27 16:27:37.551865;6;20.1;76.49;1007.21;664
2018-08-27 16:27:37.785710;7;20.13;78.15;1007.34;664
2018-08-27 16:27:38.020751;8;20.06;75.27;1007.08;664
2018-08-27 16:27:38.255207;9;20.19;77.18;1007.14;664
2018-08-27 16:27:38.489903;10;20.08;76.43;1007.37;664
2018-08-27 16:27:39.238812;11;20.35;73.62;1007.29;664
2018-08-27 16:27:40.239689;1;20.19;75.92;1007.47;665
2018-08-27 16:27:40.474808;2;20.23;75.13;1007.36;665
2018-08-27 16:27:40.710184;3;20.26;75.9;1007.27;665
2018-08-27 16:27:40.943981;4;20.5;75.35;1007.1;665
2018-08-27 16:27:41.178820;5;20.37;75.08;1007.55;665
2018-08-27 16:27:41.413271;6;20.08;75.87;1007.18;665
2018-08-27 16:27:41.648036;7;20.1;77.56;1007.28;665
2018-08-27 16:27:41.882549;8;20.04;74.61;1007.07;665
2018-08-27 16:27:42.117347;9;20.16;76.5;1007.16;665
2018-08-27 16:27:42.351827;10;20.06;75.73;1007.34;665
2018-08-27 16:27:43.111525;11;20.33;72.82;1007.35;665
2018-08-27 16:27:44.122797;1;20.15;74.88;1007.41;666
2018-08-27 16:27:44.357724;2;20.19;74.21;1007.19;666
2018-08-27 16:27:44.592952;3;20.22;74.7;1007.25;666
2018-08-27 16:27:44.826953;4;20.46;74.39;1007.27;666
2018-08-27 16:27:45.061872;5;20.32;74.4;1007.48;666
2018-08-27 16:27:45.296947;6;20.04;75.07;1007.18;666
2018-08-27 16:27:45.531538;7;20.06;76.79;1007.39;666
2018-08-27 16:27:45.767025;8;20.01;74.0;1007.1;666
2018-08-27 16:27:46.001043;9;20.13;76.01;1007.15;666
2018-08-27 16:27:46.236068;10;20.01;75.21;1007.4;666
2018-08-27 16:27:46.985281;11;20.25;72.64;1007.26;666
2018-08-27 16:27:48.001750;1;20.12;75.25;1007.41;667
2018-08-27 16:27:48.236655;2;20.16;74.55;1007.25;667
2018-08-27 16:27:48.470639;3;20.19;75.19;1007.24;667
2018-08-27 16:27:48.705694;4;20.43;75.11;1007.13;667
2018-08-27 16:27:48.940252;5;20.31;75.09;1007.57;667
2018-08-27 16:27:49.175101;6;20.05;75.83;1007.12;667
2018-08-27 16:27:49.409554;7;20.04;77.47;1007.31;667
2018-08-27 16:27:49.644404;8;19.99;74.68;1007.11;667
2018-08-27 16:27:49.880136;9;20.12;76.69;1007.13;667
2018-08-27 16:27:50.113682;10;19.99;75.9;1007.33;667
2018-08-27 16:27:50.882650;11;20.25;73.41;1007.21;667
2018-08-27 16:27:51.898273;1;20.1;75.5;1007.41;668
2018-08-27 16:27:52.133717;2;20.13;74.88;1007.16;668
2018-08-27 16:27:52.367603;3;20.16;75.64;1007.25;668
2018-08-27 16:27:52.602417;4;20.41;75.45;1007.11;668
2018-08-27 16:27:52.837923;5;20.28;75.24;1007.55;668
2018-08-27 16:27:53.072523;6;20.02;76.01;1007.16;668
2018-08-27 16:27:53.307260;7;20.01;77.56;1007.3;668
2018-08-27 16:27:53.542422;8;19.99;74.77;1007.1;668
2018-08-27 16:27:53.776683;9;20.12;76.73;1007.14;668
2018-08-27 16:27:54.010620;10;20.01;75.95;1007.35;668
2018-08-27 16:27:54.803761;11;20.27;73.37;1007.16;668
2018-08-27 16:27:55.817478;1;20.07;74.97;1007.4;669
2018-08-27 16:27:56.052327;2;20.11;74.3;1007.19;669
2018-08-27 16:27:56.287092;3;20.12;74.78;1007.22;669
2018-08-27 16:27:56.521534;4;20.4;74.47;1007.26;669
2018-08-27 16:27:56.756885;5;20.27;74.56;1007.52;669
2018-08-27 16:27:56.991184;6;19.98;75.39;1007.2;669
2018-08-27 16:27:57.225728;7;19.97;76.86;1007.36;669
2018-08-27 16:27:57.461405;8;19.97;74.11;1007.17;669
2018-08-27 16:27:57.695775;9;20.07;76.12;1007.11;669
2018-08-27 16:27:57.930461;10;19.95;75.26;1007.38;669
2018-08-27 16:27:58.732484;11;20.2;72.94;1007.26;669
2018-08-27 16:27:59.746644;1;20.04;75.08;1007.48;670
2018-08-27 16:27:59.980661;2;20.1;74.45;1007.23;670
2018-08-27 16:28:00.215469;3;20.12;75.06;1007.29;670
2018-08-27 16:28:00.452229;4;20.35;74.91;1007.09;670
2018-08-27 16:28:00.685519;5;20.22;74.87;1007.55;670
2018-08-27 16:28:00.920441;6;19.97;75.64;1007.17;670
2018-08-27 16:28:01.154980;7;19.97;77.27;1007.33;670
2018-08-27 16:28:01.388947;8;19.94;74.46;1007.09;670
2018-08-27 16:28:01.623631;9;20.06;76.48;1007.2;670
2018-08-27 16:28:01.858455;10;19.94;75.68;1007.45;670
2018-08-27 16:28:03.027389;11;20.12;73.18;1007.27;670
2018-08-27 16:28:04.042453;1;20.01;75.22;1007.44;671
2018-08-27 16:28:04.277270;2;20.06;74.5;1007.25;671
2018-08-27 16:28:04.511724;3;20.09;75.3;1007.25;671
2018-08-27 16:28:04.747153;4;20.33;75.02;1007.13;671
2018-08-27 16:28:04.981343;5;20.19;74.89;1007.53;671
2018-08-27 16:28:05.215790;6;19.96;75.63;1007.26;671
2018-08-27 16:28:05.450628;7;19.94;77.34;1007.33;671
2018-08-27 16:28:05.685506;8;19.91;74.59;1007.08;671
2018-08-27 16:28:05.919931;9;20.04;76.61;1007.18;671
2018-08-27 16:28:06.154724;10;19.93;75.86;1007.44;671
2018-08-27 16:28:06.908285;11;20.18;73.55;1007.29;671
2018-08-27 16:28:07.924689;1;20.0;75.51;1007.48;672
2018-08-27 16:28:08.159599;2;20.03;74.89;1007.18;672
2018-08-27 16:28:08.394817;3;20.06;75.67;1007.21;672
2018-08-27 16:28:08.630109;4;20.33;75.33;1007.11;672
2018-08-27 16:28:08.864503;5;20.21;75.15;1007.57;672
2018-08-27 16:28:09.098977;6;19.94;76.03;1007.2;672
2018-08-27 16:28:09.333637;7;19.93;77.63;1007.36;672
2018-08-27 16:28:09.568631;8;19.89;74.76;1007.04;672
2018-08-27 16:28:09.802989;9;20.04;76.71;1007.14;672
2018-08-27 16:28:10.037781;10;19.92;76.13;1007.41;672
2018-08-27 16:28:10.836381;11;20.18;73.56;1007.28;672
2018-08-27 16:28:11.849694;1;20.0;75.63;1007.49;673
2018-08-27 16:28:12.084606;2;20.04;75.04;1007.17;673
2018-08-27 16:28:12.319513;3;20.04;75.76;1007.26;673
2018-08-27 16:28:12.553984;4;20.32;75.47;1007.15;673
2018-08-27 16:28:12.788384;5;20.21;75.31;1007.55;673
2018-08-27 16:28:13.022777;6;19.91;76.2;1007.26;673
2018-08-27 16:28:13.257954;7;19.89;77.62;1007.33;673
2018-08-27 16:28:13.491963;8;19.88;74.89;1007.09;673
2018-08-27 16:28:13.726877;9;20.01;76.78;1007.21;673
2018-08-27 16:28:13.961286;10;19.89;76.04;1007.44;673
2018-08-27 16:28:14.758568;11;19.96;73.6;1006.94;673
2018-08-27 16:28:15.772948;1;19.96;75.57;1007.47;674
2018-08-27 16:28:16.007593;2;20.01;74.92;1007.15;674
2018-08-27 16:28:16.242171;3;20.0;75.76;1007.21;674
2018-08-27 16:28:16.476315;4;20.29;75.41;1007.07;674
2018-08-27 16:28:16.711150;5;20.19;75.22;1007.52;674
2018-08-27 16:28:16.946022;6;19.91;76.33;1007.21;674
2018-08-27 16:28:17.180414;7;19.87;77.79;1007.35;674
2018-08-27 16:28:17.415291;8;19.87;74.99;1007.09;674
2018-08-27 16:28:17.650034;9;19.98;76.92;1007.15;674
2018-08-27 16:28:17.885145;10;19.87;76.13;1007.36;674
2018-08-27 16:28:18.683195;11;20.13;73.84;1007.13;674
2018-08-27 16:28:19.701224;1;19.93;75.64;1007.43;675
2018-08-27 16:28:19.935661;2;19.98;75.0;1007.21;675
2018-08-27 16:28:20.170493;3;19.97;75.79;1007.21;675
2018-08-27 16:28:20.404944;4;20.26;75.4;1007.15;675
2018-08-27 16:28:20.639461;5;20.17;75.19;1007.48;675
2018-08-27 16:28:20.874272;6;19.86;76.26;1007.2;675
2018-08-27 16:28:21.108769;7;19.83;77.69;1007.34;675
2018-08-27 16:28:21.343644;8;19.84;74.91;1007.1;675
2018-08-27 16:28:21.578794;9;19.94;76.91;1007.09;675
2018-08-27 16:28:21.813598;10;19.82;76.05;1007.32;675
2018-08-27 16:28:22.611176;11;20.11;73.84;1007.27;675
2018-08-27 16:28:23.926545;1;19.93;76.05;1007.45;676
2018-08-27 16:28:24.161347;2;19.99;75.36;1007.23;676
2018-08-27 16:28:25.495485;3;19.99;76.31;1007.27;676
2018-08-27 16:28:25.730827;4;20.24;75.92;1007.14;676
2018-08-27 16:28:25.966454;5;20.16;75.61;1007.52;676
2018-08-27 16:28:26.200585;6;19.85;76.71;1007.22;676
2018-08-27 16:28:26.436067;7;19.82;78.14;1007.41;676
2018-08-27 16:28:26.670074;8;19.83;75.22;1007.11;676
2018-08-27 16:28:26.904041;9;19.92;77.23;1007.16;676
2018-08-27 16:28:27.138577;10;19.82;76.44;1007.41;676
2018-08-27 16:28:28.214278;11;20.11;73.98;1006.86;676
2018-08-27 16:28:29.221422;1;19.9;75.89;1007.41;677
2018-08-27 16:28:29.455610;2;19.95;75.17;1007.13;677
2018-08-27 16:28:29.690062;3;19.96;76.02;1007.22;677
2018-08-27 16:28:29.925322;4;20.21;75.71;1007.18;677
2018-08-27 16:28:30.159847;5;20.14;75.65;1007.39;677
2018-08-27 16:28:30.394164;6;19.84;76.61;1007.18;677
2018-08-27 16:28:30.629136;7;19.8;78.09;1007.38;677
2018-08-27 16:28:30.863471;8;19.82;75.2;1007.08;677
2018-08-27 16:28:31.098264;9;19.91;77.27;1007.19;677
2018-08-27 16:28:31.333167;10;19.81;76.5;1007.36;677
2018-08-27 16:28:32.088665;11;20.1;74.21;1007.25;677
2018-08-27 16:28:33.099972;1;19.88;75.9;1007.49;678
2018-08-27 16:28:33.334825;2;19.94;75.18;1007.2;678
2018-08-27 16:28:33.569648;3;19.94;75.97;1007.26;678
2018-08-27 16:28:33.804841;4;20.19;75.69;1007.13;678
2018-08-27 16:28:34.040335;5;20.11;75.47;1007.6;678
2018-08-27 16:28:34.274916;6;19.83;76.38;1007.22;678
2018-08-27 16:28:34.508818;7;19.79;77.97;1007.38;678
2018-08-27 16:28:34.742997;8;19.82;74.97;1007.08;678
2018-08-27 16:28:34.977970;9;19.9;77.04;1007.13;678
2018-08-27 16:28:35.213723;10;19.8;76.28;1007.35;678
2018-08-27 16:28:35.959341;11;20.08;73.78;1007.24;678
2018-08-27 16:28:36.976799;1;19.89;75.87;1007.46;679
2018-08-27 16:28:37.211367;2;19.94;75.1;1007.12;679
2018-08-27 16:28:37.445607;3;19.95;75.86;1007.22;679
2018-08-27 16:28:37.680928;4;20.18;75.68;1007.14;679
2018-08-27 16:28:37.915513;5;20.1;75.45;1007.49;679
2018-08-27 16:28:38.151169;6;19.82;76.21;1007.16;679
2018-08-27 16:28:38.385423;7;19.78;77.95;1007.41;679
2018-08-27 16:28:38.619164;8;19.82;74.83;1007.15;679
2018-08-27 16:28:38.854210;9;19.89;76.98;1007.15;679
2018-08-27 16:28:39.089284;10;19.79;76.18;1007.37;679
2018-08-27 16:28:39.875452;11;19.97;73.62;1007.16;679
2018-08-27 16:28:40.889113;1;19.86;75.62;1007.45;680
2018-08-27 16:28:41.124548;2;19.9;74.95;1007.21;680
2018-08-27 16:28:41.359141;3;19.93;75.68;1007.36;680
2018-08-27 16:28:41.594043;4;20.14;75.48;1007.14;680
2018-08-27 16:28:41.828830;5;20.07;75.2;1007.55;680
2018-08-27 16:28:42.062829;6;19.8;76.01;1007.23;680
2018-08-27 16:28:42.297947;7;19.78;77.84;1007.41;680
2018-08-27 16:28:42.532639;8;19.8;74.75;1007.06;680
2018-08-27 16:28:42.766691;9;19.86;76.99;1007.19;680
2018-08-27 16:28:43.002561;10;19.76;76.22;1007.33;680
2018-08-27 16:28:44.557058;11;20.04;73.73;1007.31;680
2018-08-27 16:28:45.558059;1;19.87;75.98;1007.52;681
2018-08-27 16:28:45.792978;2;19.91;75.31;1007.17;681
2018-08-27 16:28:46.027686;3;19.93;76.17;1007.25;681
2018-08-27 16:28:46.262240;4;20.15;76.07;1007.16;681
2018-08-27 16:28:46.731448;6;19.82;76.61;1007.28;681
2018-08-27 16:28:46.966214;7;19.78;78.36;1007.36;681
2018-08-27 16:28:47.201418;8;19.79;75.29;1007.06;681
2018-08-27 16:28:47.436134;9;19.86;77.46;1007.19;681
2018-08-27 16:28:47.670260;10;19.77;76.68;1007.44;681
2018-08-27 16:28:48.471773;11;19.96;74.15;1007.22;681
2018-08-27 16:28:49.473645;1;19.89;76.22;1007.56;682
2018-08-27 16:28:49.708750;2;19.92;75.59;1007.21;682
2018-08-27 16:28:49.943694;3;19.94;76.45;1007.31;682
2018-08-27 16:28:50.178311;4;20.14;76.29;1007.16;682
2018-08-27 16:28:50.412786;5;20.07;75.86;1007.52;682
2018-08-27 16:28:50.648597;6;19.81;76.7;1007.25;682
2018-08-27 16:28:50.881900;7;19.77;78.42;1007.33;682
2018-08-27 16:28:51.116817;8;19.79;75.22;1007.09;682
2018-08-27 16:28:51.351786;9;19.84;77.42;1007.14;682
2018-08-27 16:28:51.586758;10;19.76;76.65;1007.33;682
2018-08-27 16:28:52.388879;11;20.02;74.13;1006.13;682
2018-08-27 16:28:53.787505;1;19.89;76.32;1007.49;683
2018-08-27 16:28:54.021984;2;19.89;75.67;1007.18;683
2018-08-27 16:28:54.256812;3;19.93;76.51;1007.26;683
2018-08-27 16:28:54.492003;4;20.14;76.54;1007.2;683
2018-08-27 16:28:54.727732;5;20.06;76.23;1007.58;683
2018-08-27 16:28:54.961759;6;19.81;77.0;1007.23;683
2018-08-27 16:28:55.196661;7;19.79;78.79;1007.39;683
2018-08-27 16:28:55.430335;8;19.81;75.7;1007.13;683
2018-08-27 16:28:55.666758;9;19.86;77.94;1007.08;683
2018-08-27 16:28:55.900535;10;19.76;77.12;1007.43;683
2018-08-27 16:28:56.252716;11;20.01;74.54;1007.26;683
2018-08-27 16:28:57.254584;1;19.9;76.51;1007.48;684
2018-08-27 16:28:57.488837;2;19.92;75.91;1007.2;684
2018-08-27 16:28:57.724035;3;19.93;76.83;1007.24;684
2018-08-27 16:28:57.958796;4;20.16;76.77;1007.15;684
2018-08-27 16:28:58.193105;5;20.07;76.39;1007.53;684
2018-08-27 16:28:58.427854;6;19.82;77.23;1007.2;684
2018-08-27 16:28:58.663004;7;19.81;78.9;1007.37;684
2018-08-27 16:28:58.896534;8;19.81;75.91;1007.1;684
2018-08-27 16:28:59.515210;9;19.89;78.19;1007.22;684
2018-08-27 16:28:59.749675;10;19.8;77.36;1007.39;684
2018-08-27 16:29:00.116226;11;20.05;75.04;1007.29;684
2018-08-27 16:29:01.131958;1;19.9;76.59;1007.45;685
2018-08-27 16:29:01.366942;2;19.91;75.99;1007.18;685
2018-08-27 16:29:01.602047;3;19.93;76.91;1007.3;685
2018-08-27 16:29:01.835747;4;20.17;76.78;1007.15;685
2018-08-27 16:29:02.070329;5;20.08;76.45;1007.7;685
2018-08-27 16:29:02.306992;6;19.82;77.4;1007.26;685
2018-08-27 16:29:02.541611;7;19.81;78.89;1007.37;685
2018-08-27 16:29:02.774781;8;19.82;75.97;1007.07;685
2018-08-27 16:29:03.010313;9;19.88;78.15;1007.18;685
2018-08-27 16:29:03.243902;10;19.78;77.37;1007.4;685
2018-08-27 16:29:03.993049;11;20.05;74.99;1007.28;685
2018-08-27 16:29:05.008048;1;19.89;76.74;1007.49;686
2018-08-27 16:29:05.243057;2;19.9;76.2;1007.18;686
2018-08-27 16:29:05.477895;3;19.92;77.1;1007.25;686
2018-08-27 16:29:05.713146;4;20.15;76.94;1007.13;686
2018-08-27 16:29:05.947760;5;20.07;76.6;1007.48;686
2018-08-27 16:29:06.182721;6;19.81;77.72;1007.24;686
2018-08-27 16:29:06.417004;7;19.81;79.07;1007.41;686
2018-08-27 16:29:06.653264;8;19.8;76.15;1007.1;686
2018-08-27 16:29:06.886897;9;19.87;78.26;1007.16;686
2018-08-27 16:29:07.121520;10;19.77;77.48;1007.36;686
2018-08-27 16:29:07.889981;11;20.05;75.15;1007.26;686
2018-08-27 16:29:08.903490;1;19.88;76.84;1007.47;687
2018-08-27 16:29:09.137108;2;19.89;76.32;1007.2;687
2018-08-27 16:29:09.372556;3;19.9;77.35;1007.28;687
2018-08-27 16:29:09.607668;4;20.15;76.95;1007.14;687
2018-08-27 16:29:09.841500;5;20.08;76.52;1007.52;687
2018-08-27 16:29:10.076660;6;19.79;77.27;1007.23;687
2018-08-27 16:29:10.311733;7;19.78;78.71;1007.32;687
2018-08-27 16:29:10.545322;8;19.79;75.54;1007.1;687
2018-08-27 16:29:10.780843;9;19.84;77.55;1007.16;687
2018-08-27 16:29:11.015363;10;19.74;76.76;1007.37;687
2018-08-27 16:29:11.819636;11;20.04;74.31;1007.27;687
2018-08-27 16:29:12.832690;1;19.83;75.81;1007.46;688
2018-08-27 16:29:13.068239;2;19.86;75.31;1007.19;688
2018-08-27 16:29:13.302869;3;19.86;76.16;1007.28;688
2018-08-27 16:29:13.537819;4;20.12;75.99;1007.08;688
2018-08-27 16:29:13.772568;5;20.07;75.57;1007.51;688
2018-08-27 16:29:14.007482;6;19.77;76.4;1007.22;688
2018-08-27 16:29:14.240942;7;19.76;77.86;1007.27;688
2018-08-27 16:29:14.476129;8;19.77;75.01;1007.01;688
2018-08-27 16:29:14.711273;9;19.85;77.36;1007.15;688
2018-08-27 16:29:14.945375;10;19.74;76.69;1007.42;688
2018-08-27 16:29:15.747382;11;20.02;74.04;1007.25;688
2018-08-27 16:29:16.758666;1;19.84;75.93;1007.56;689
2018-08-27 16:29:16.993468;2;19.89;75.39;1007.18;689
2018-08-27 16:29:17.228290;3;19.9;76.04;1007.2;689
2018-08-27 16:29:17.462796;4;20.12;75.99;1007.07;689
2018-08-27 16:29:17.697564;5;20.06;75.83;1007.58;689
2018-08-27 16:29:17.932384;6;19.79;76.6;1007.22;689
2018-08-27 16:29:18.166861;7;19.76;77.74;1007.39;689
2018-08-27 16:29:18.401685;8;19.77;74.91;1007.02;689
2018-08-27 16:29:18.636524;9;19.84;77.26;1007.08;689
2018-08-27 16:29:18.870987;10;19.74;76.39;1007.36;689
2018-08-27 16:29:19.665893;11;20.03;73.81;1006.54;689
2018-08-27 16:29:20.681216;1;19.85;75.72;1007.49;690
2018-08-27 16:29:20.916038;2;19.89;75.12;1007.24;690
2018-08-27 16:29:21.150865;3;19.9;75.84;1007.25;690
2018-08-27 16:29:21.385334;4;20.11;75.8;1007.06;690
2018-08-27 16:29:21.620130;5;20.05;75.42;1007.44;690
2018-08-27 16:29:21.855801;6;19.73;76.09;1007.21;690
2018-08-27 16:29:22.089476;7;19.7;77.68;1007.39;690
2018-08-27 16:29:22.325046;8;19.71;74.85;1007.11;690
2018-08-27 16:29:22.559069;9;19.79;77.04;1007.16;690
2018-08-27 16:29:22.793927;10;19.71;76.21;1007.39;690
2018-08-27 16:29:23.591173;11;19.99;73.74;1007.2;690
2018-08-27 16:29:24.605827;1;19.8;75.88;1007.46;691
2018-08-27 16:29:24.841157;2;19.82;75.34;1007.16;691
2018-08-27 16:29:25.075553;3;19.83;76.12;1007.3;691
2018-08-27 16:29:25.310491;4;20.07;75.98;1007.14;691
2018-08-27 16:29:25.544752;5;20.02;75.58;1007.47;691
2018-08-27 16:29:25.779218;6;19.69;76.55;1007.2;691
2018-08-27 16:29:26.014455;7;19.66;78.18;1007.33;691
2018-08-27 16:29:26.249358;8;19.67;75.36;1007.07;691
2018-08-27 16:29:26.484154;9;19.78;77.45;1007.22;691
2018-08-27 16:29:26.718639;10;19.68;76.57;1007.4;691
2018-08-27 16:29:27.518342;11;19.97;74.17;1007.32;691
2018-08-27 16:29:28.520182;1;19.76;76.16;1007.5;692
2018-08-27 16:29:28.755535;2;19.8;75.55;1007.23;692
2018-08-27 16:29:28.989897;3;19.81;76.32;1007.26;692
2018-08-27 16:29:29.225031;4;20.05;76.15;1007.14;692
2018-08-27 16:29:29.459701;5;20.0;75.75;1007.51;692
2018-08-27 16:29:29.694693;6;19.67;76.69;1007.22;692
2018-08-27 16:29:29.928460;7;19.64;78.2;1007.35;692
2018-08-27 16:29:30.163856;8;19.67;75.34;1007.09;692
2018-08-27 16:29:30.398678;9;19.75;77.42;1007.28;692
2018-08-27 16:29:30.979237;10;19.65;76.56;1007.39;692
2018-08-27 16:29:31.425677;11;19.96;74.04;1006.23;692
2018-08-27 16:29:32.427720;1;19.74;76.2;1007.52;693
2018-08-27 16:29:32.663142;2;19.79;75.6;1007.25;693
2018-08-27 16:29:32.897845;3;19.79;76.48;1007.22;693
2018-08-27 16:29:33.131837;4;20.02;76.31;1007.16;693
2018-08-27 16:29:33.367115;5;19.98;75.92;1007.58;693
2018-08-27 16:29:33.602016;6;19.68;77.05;1007.19;693
2018-08-27 16:29:33.835981;7;19.65;78.65;1007.29;693
2018-08-27 16:29:34.070810;8;19.68;75.72;1007.06;693
2018-08-27 16:29:34.305999;9;19.75;77.96;1007.17;693
2018-08-27 16:29:34.540018;10;19.65;77.12;1007.42;693
2018-08-27 16:29:35.339381;11;19.92;74.66;1007.29;693
2018-08-27 16:29:36.342782;1;19.72;76.77;1007.56;694
2018-08-27 16:29:36.578044;2;19.78;76.06;1007.38;694
2018-08-27 16:29:36.812665;3;19.8;76.97;1007.31;694
2018-08-27 16:29:37.046894;4;20.0;76.93;1007.19;694
2018-08-27 16:29:37.281536;5;19.95;76.45;1007.51;694
2018-08-27 16:29:37.517768;6;19.67;77.46;1007.26;694
2018-08-27 16:29:37.750659;7;19.63;78.98;1007.4;694
2018-08-27 16:29:37.985870;8;19.66;75.82;1007.0;694
2018-08-27 16:29:38.221323;9;19.72;78.03;1007.17;694
2018-08-27 16:29:38.454748;10;19.63;77.18;1007.37;694
2018-08-27 16:29:39.212438;11;19.88;74.52;1007.32;694
2018-08-27 16:29:40.218243;1;19.72;76.33;1007.45;695
2018-08-27 16:29:40.453344;2;19.77;75.53;1007.19;695
2018-08-27 16:29:40.688121;3;19.78;76.24;1007.27;695
2018-08-27 16:29:40.922795;4;19.98;76.15;1007.12;695
2018-08-27 16:29:41.157177;5;19.92;75.82;1007.49;695
2018-08-27 16:29:41.394876;6;19.65;76.51;1007.27;695
2018-08-27 16:29:41.627167;7;19.61;78.3;1007.36;695
2018-08-27 16:29:41.863629;8;19.64;75.2;1007.1;695
2018-08-27 16:29:42.096744;9;19.71;77.5;1007.18;695
2018-08-27 16:29:42.334995;10;19.61;76.72;1007.4;695
2018-08-27 16:29:43.084208;11;19.9;74.28;1007.29;695
2018-08-27 16:29:44.097429;1;19.72;76.48;1007.48;696
2018-08-27 16:29:44.331658;2;19.76;75.79;1007.2;696
2018-08-27 16:29:44.566468;3;19.77;76.7;1007.34;696
2018-08-27 16:29:44.801771;4;19.98;76.64;1007.14;696
2018-08-27 16:29:45.035666;5;19.92;76.25;1007.51;696
2018-08-27 16:29:45.270514;6;19.64;77.08;1007.2;696
2018-08-27 16:29:45.505479;7;19.61;78.78;1007.38;696
2018-08-27 16:29:45.739818;8;19.62;75.75;1007.11;696
2018-08-27 16:29:45.975251;9;19.71;78.06;1007.14;696
2018-08-27 16:29:46.211033;10;19.61;77.17;1007.4;696
2018-08-27 16:29:46.955866;11;19.9;74.91;1007.29;696
2018-08-27 16:29:47.966889;1;19.7;76.7;1007.56;697
2018-08-27 16:29:48.204548;2;19.74;75.92;1007.15;697
2018-08-27 16:29:48.436535;3;19.73;76.68;1007.28;697
2018-08-27 16:29:48.670523;4;19.98;76.44;1007.2;697
2018-08-27 16:29:48.905422;5;19.91;76.17;1007.47;697
2018-08-27 16:29:49.140177;6;19.63;76.94;1007.22;697
2018-08-27 16:29:49.374620;7;19.6;78.45;1007.4;697
2018-08-27 16:29:49.609406;8;19.61;75.6;1007.08;697
2018-08-27 16:29:49.844240;9;19.69;77.7;1007.24;697
2018-08-27 16:29:50.078750;10;19.59;76.83;1007.39;697
2018-08-27 16:29:50.864394;11;19.88;74.48;1007.34;697
2018-08-27 16:29:51.876729;1;19.67;76.26;1007.53;698
2018-08-27 16:29:52.111171;2;19.72;75.52;1007.27;698
2018-08-27 16:29:52.345958;3;19.71;76.28;1007.24;698
2018-08-27 16:29:52.580818;4;19.95;76.02;1007.16;698
2018-08-27 16:29:52.815228;5;19.88;75.73;1007.56;698
2018-08-27 16:29:53.050100;6;19.6;76.6;1007.32;698
2018-08-27 16:29:53.284856;7;19.57;78.16;1007.28;698
2018-08-27 16:29:53.519353;8;19.61;75.13;1007.06;698
2018-08-27 16:29:53.754143;9;19.68;77.34;1007.26;698
2018-08-27 16:29:53.988999;10;19.58;76.49;1007.49;698
2018-08-27 16:29:54.784204;11;19.84;74.05;1007.33;698
2018-08-27 16:29:55.803235;1;19.65;76.32;1007.46;699
2018-08-27 16:29:56.038995;2;19.72;75.6;1007.17;699
2018-08-27 16:29:56.272606;3;19.72;76.47;1007.31;699
2018-08-27 16:29:56.508635;4;19.94;76.45;1007.13;699
2018-08-27 16:29:56.741936;5;19.87;76.17;1007.53;699
2018-08-27 16:29:56.978883;6;19.62;76.96;1007.2;699
2018-08-27 16:29:57.211619;7;19.59;78.64;1007.33;699
2018-08-27 16:29:57.446592;8;19.62;75.62;1007.27;699
2018-08-27 16:29:57.681376;9;19.68;77.96;1007.19;699
2018-08-27 16:29:57.917225;10;19.59;77.07;1007.4;699
2018-08-27 16:29:58.714957;11;19.7;74.63;1007.06;699
2018-08-27 16:29:59.738596;1;19.67;76.59;1007.54;700
2018-08-27 16:29:59.968951;2;19.71;75.86;1007.24;700
2018-08-27 16:30:00.207158;3;19.72;76.77;1007.28;700
2018-08-27 16:30:00.444818;4;19.93;76.62;1007.15;700
2018-08-27 16:30:00.674454;5;19.86;76.29;1007.57;700
2018-08-27 16:30:00.907920;6;19.59;77.06;1007.22;700
2018-08-27 16:30:01.142307;7;19.58;78.68;1007.31;700
2018-08-27 16:30:01.377416;8;19.58;75.59;1007.09;700
2018-08-27 16:30:01.612685;9;19.66;77.9;1007.23;700
2018-08-27 16:30:01.847110;10;19.57;77.04;1007.41;700
2018-08-27 16:30:02.641266;11;19.82;74.69;1006.48;700
2018-08-27 16:30:03.658000;1;19.69;76.79;1007.48;701
2018-08-27 16:30:03.892827;2;19.72;76.07;1007.17;701
2018-08-27 16:30:04.127350;3;19.74;77.07;1007.3;701
2018-08-27 16:30:04.362124;4;19.96;76.98;1007.14;701
2018-08-27 16:30:04.596947;5;19.88;76.6;1007.56;701
2018-08-27 16:30:04.831406;6;19.62;77.74;1007.26;701
2018-08-27 16:30:05.066207;7;19.62;79.35;1007.38;701
2018-08-27 16:30:05.301150;8;19.6;76.46;1007.12;701
2018-08-27 16:30:05.535513;9;19.69;78.58;1007.18;701
2018-08-27 16:30:05.770321;10;19.62;77.63;1007.4;701
2018-08-27 16:30:06.568635;11;19.88;75.18;1007.34;701
2018-08-27 16:30:07.570329;1;19.72;77.14;1007.55;702
2018-08-27 16:30:07.804792;2;19.75;76.45;1007.27;702
2018-08-27 16:30:08.039652;3;19.76;77.57;1007.28;702
2018-08-27 16:30:08.274421;4;19.97;77.07;1007.19;702
2018-08-27 16:30:08.509102;5;19.87;76.52;1007.61;702
2018-08-27 16:30:08.743757;6;19.6;77.19;1007.2;702
2018-08-27 16:30:08.978494;7;19.59;78.87;1007.36;702
2018-08-27 16:30:09.213001;8;19.56;75.69;1007.14;702
2018-08-27 16:30:09.447811;9;19.66;77.79;1007.18;702
2018-08-27 16:30:09.682665;10;19.57;76.94;1007.47;702
2018-08-27 16:30:10.485021;11;19.81;74.19;1007.3;702
2018-08-27 16:30:11.486036;1;19.71;76.27;1007.51;703
2018-08-27 16:30:11.720886;2;19.71;75.71;1007.24;703
2018-08-27 16:30:11.955333;3;19.75;76.67;1007.29;703
2018-08-27 16:30:12.190193;4;19.96;76.34;1007.19;703
2018-08-27 16:30:12.424629;5;19.86;75.99;1007.59;703
2018-08-27 16:30:12.659479;6;19.59;76.78;1007.18;703
2018-08-27 16:30:12.894286;7;19.59;78.41;1007.36;703
2018-08-27 16:30:13.129135;8;19.54;75.42;1007.07;703
2018-08-27 16:30:15.746203;10;19.54;76.63;1007.45;703
2018-08-27 16:30:16.406279;11;19.78;74.12;1006.16;703
2018-08-27 16:30:17.408296;1;19.69;76.58;1007.51;704
2018-08-27 16:30:17.643809;2;19.68;76.08;1007.23;704
2018-08-27 16:30:17.878466;3;19.72;77.2;1007.29;704
2018-08-27 16:30:18.113257;4;19.94;76.76;1007.19;704
2018-08-27 16:30:18.347922;5;19.84;76.28;1007.61;704
2018-08-27 16:30:18.582315;6;19.56;77.61;1007.31;704
2018-08-27 16:30:18.817412;7;19.57;79.05;1007.32;704
2018-08-27 16:30:19.051409;8;19.51;76.23;1007.13;704
2018-08-27 16:30:19.285834;9;19.64;78.23;1007.26;704
2018-08-27 16:30:19.520763;10;19.55;77.24;1007.4;704
2018-08-27 16:30:20.313117;11;19.79;74.78;1007.36;704
2018-08-27 16:30:21.315866;1;19.7;77.23;1007.51;705
2018-08-27 16:30:21.551920;2;19.69;76.82;1007.23;705
2018-08-27 16:30:21.785453;3;19.72;78.33;1007.29;705
2018-08-27 16:30:22.021392;4;19.96;78.07;1007.19;705
2018-08-27 16:30:22.255452;5;19.85;77.26;1007.58;705
2018-08-27 16:30:22.489269;6;19.56;78.37;1007.22;705
2018-08-27 16:30:22.724727;7;19.6;79.81;1007.36;705
2018-08-27 16:30:22.959475;8;19.51;76.63;1007.13;705
2018-08-27 16:30:23.194731;9;19.64;78.64;1007.18;705
2018-08-27 16:30:23.428738;10;19.58;77.88;1007.4;705
2018-08-27 16:30:24.177747;11;19.8;74.92;1007.3;705
2018-08-27 16:30:25.193353;1;19.72;77.62;1007.52;706
2018-08-27 16:30:25.428184;2;19.71;77.2;1007.17;706
2018-08-27 16:30:25.663067;3;19.75;78.77;1007.25;706
2018-08-27 16:30:25.898194;4;19.98;78.48;1007.17;706
2018-08-27 16:30:26.133102;5;19.89;77.68;1007.56;706
2018-08-27 16:30:26.367525;6;19.58;79.14;1007.24;706
2018-08-27 16:30:26.601856;7;19.62;80.5;1007.37;706
2018-08-27 16:30:26.836400;8;19.53;77.72;1007.08;706
2018-08-27 16:30:27.071634;9;19.67;79.88;1007.18;706
2018-08-27 16:30:27.306285;10;19.61;79.08;1007.39;706
2018-08-27 16:30:28.051033;11;19.82;76.23;1007.31;706
2018-08-27 16:30:29.065082;1;19.72;77.79;1007.48;707
2018-08-27 16:30:29.300422;2;19.7;77.22;1007.11;707
2018-08-27 16:30:29.535063;3;19.75;78.56;1007.3;707
2018-08-27 16:30:29.769516;4;19.99;78.24;1007.17;707
2018-08-27 16:30:30.004302;5;19.89;77.55;1007.73;707
2018-08-27 16:30:30.239550;6;19.54;78.55;1007.23;707
2018-08-27 16:30:30.473826;7;19.6;80.07;1007.39;707
2018-08-27 16:30:30.708383;8;19.46;76.9;1007.14;707
2018-08-27 16:30:30.942981;9;19.66;79.16;1007.18;707
2018-08-27 16:30:31.178003;10;19.61;78.53;1007.41;707
2018-08-27 16:30:31.929695;11;19.82;75.96;1007.28;707
2018-08-27 16:30:32.943968;1;19.73;77.22;1007.45;708
2018-08-27 16:30:33.179677;2;19.72;76.58;1007.12;708
2018-08-27 16:30:33.414082;3;19.77;77.39;1007.27;708
2018-08-27 16:30:33.648605;4;19.99;77.16;1007.15;708
2018-08-27 16:30:33.883559;5;19.89;76.77;1007.57;708
2018-08-27 16:30:34.117337;6;19.53;77.54;1007.25;708
2018-08-27 16:30:34.352147;7;19.59;79.22;1007.34;708
2018-08-27 16:30:34.587600;8;19.46;76.28;1007.03;708
2018-08-27 16:30:34.821927;9;19.65;78.35;1007.19;708
2018-08-27 16:30:35.056596;10;19.61;77.72;1007.43;708
2018-08-27 16:30:35.850467;11;19.8;74.94;1006.24;708
2018-08-27 16:30:36.865450;1;19.75;76.67;1007.45;709
2018-08-27 16:30:37.100793;2;19.74;76.15;1007.15;709
2018-08-27 16:30:37.334753;3;19.78;76.91;1007.28;709
2018-08-27 16:30:37.570230;4;20.0;76.75;1007.07;709
2018-08-27 16:30:37.804955;5;19.9;76.45;1007.59;709
2018-08-27 16:30:38.038858;6;19.56;77.33;1007.24;709
2018-08-27 16:30:38.273682;7;19.62;78.87;1007.4;709
2018-08-27 16:30:38.509336;8;19.5;75.97;1007.05;709
2018-08-27 16:30:38.743660;9;19.68;78.12;1007.22;709
2018-08-27 16:30:38.978521;10;19.63;77.39;1007.44;709
2018-08-27 16:30:39.779831;11;19.83;75.12;1007.41;709
2018-08-27 16:30:40.794831;1;19.77;76.73;1007.51;710
2018-08-27 16:30:41.029330;2;19.76;76.17;1007.24;710
2018-08-27 16:30:41.264751;3;19.79;76.88;1007.29;710
2018-08-27 16:30:41.499421;4;19.99;76.65;1007.16;710
2018-08-27 16:30:41.734173;5;19.89;76.38;1007.6;710
2018-08-27 16:30:41.968565;6;19.57;77.35;1007.2;710
2018-08-27 16:30:42.203535;7;19.63;78.84;1007.4;710
2018-08-27 16:30:42.437905;8;19.51;76.11;1007.18;710
2018-08-27 16:30:42.672836;9;19.67;78.1;1007.18;710
2018-08-27 16:30:42.907879;10;19.62;77.23;1007.47;710
2018-08-27 16:30:43.702268;11;19.78;74.51;1007.34;710
2018-08-27 16:30:44.716339;1;19.76;76.26;1007.54;711
2018-08-27 16:30:44.951774;2;19.75;75.69;1007.2;711
2018-08-27 16:30:45.186019;3;19.78;76.36;1007.27;711
2018-08-27 16:30:45.420978;4;20.0;76.32;1007.23;711
2018-08-27 16:30:45.654969;5;19.88;76.01;1007.57;711
2018-08-27 16:30:46.124511;7;19.62;78.37;1007.42;711
2018-08-27 16:30:46.359042;8;19.51;75.63;1007.04;711
2018-08-27 16:30:46.594437;9;19.67;77.68;1007.26;711
2018-08-27 16:30:46.828694;10;19.61;76.97;1007.44;711
2018-08-27 16:30:47.625366;11;19.78;74.41;1006.76;711
2018-08-27 16:30:49.132110;1;19.78;76.65;1007.52;712
2018-08-27 16:30:49.367360;2;19.77;76.16;1007.18;712
2018-08-27 16:30:49.601455;3;19.8;77.13;1007.32;712
2018-08-27 16:30:49.836666;4;20.03;76.91;1007.2;712
2018-08-27 16:30:50.071949;5;19.89;76.62;1007.52;712
2018-08-27 16:30:50.306727;6;19.58;77.66;1007.25;712
2018-08-27 16:30:50.540761;7;19.65;79.14;1007.43;712
2018-08-27 16:30:50.775871;8;19.53;76.52;1007.09;712
2018-08-27 16:30:51.010420;9;19.69;78.49;1007.25;712
2018-08-27 16:30:51.244969;10;19.63;77.66;1007.46;712
2018-08-27 16:30:51.992201;11;19.8;75.19;1007.34;712
2018-08-27 16:30:53.008930;1;19.77;76.78;1007.55;713
2018-08-27 16:30:53.243781;2;19.75;76.28;1007.21;713
2018-08-27 16:30:53.478559;3;19.79;77.07;1007.4;713
2018-08-27 16:30:53.713309;4;20.01;76.93;1007.18;713
2018-08-27 16:30:53.948568;5;19.88;76.68;1007.61;713
2018-08-27 16:30:54.182906;6;19.59;77.63;1007.44;713
2018-08-27 16:30:54.417850;7;19.62;79.0;1007.43;713
2018-08-27 16:30:54.651615;8;19.52;76.35;1007.14;713
2018-08-27 16:30:54.886448;9;19.68;78.31;1007.29;713
2018-08-27 16:30:55.121683;10;19.62;77.39;1007.44;713
2018-08-27 16:30:55.876174;11;19.78;75.14;1007.36;713
2018-08-27 16:30:57.717828;1;19.75;76.7;1007.57;714
2018-08-27 16:30:57.952903;2;19.76;76.17;1007.18;714
2018-08-27 16:30:58.187395;3;19.79;76.91;1007.32;714
2018-08-27 16:30:58.421969;4;20.03;76.74;1007.22;714
2018-08-27 16:30:58.657244;5;19.89;76.6;1007.59;714
2018-08-27 16:30:58.891724;6;19.58;77.43;1007.3;714
2018-08-27 16:30:59.126111;7;19.62;78.88;1007.42;714
2018-08-27 16:30:59.361246;8;19.54;76.2;1007.08;714
2018-08-27 16:30:59.595694;9;19.69;78.15;1007.26;714
2018-08-27 16:30:59.830120;10;19.63;77.24;1007.46;714
2018-08-27 16:31:00.631332;11;19.8;75.04;1006.57;714
2018-08-27 16:31:01.650557;1;19.77;76.59;1007.57;715
2018-08-27 16:31:01.885034;2;19.77;75.97;1007.24;715
2018-08-27 16:31:02.120248;3;19.79;76.77;1007.26;715
2018-08-27 16:31:02.354492;4;20.05;76.58;1007.13;715
2018-08-27 16:31:02.589034;5;19.91;76.48;1007.58;715
2018-08-27 16:31:02.823340;6;19.6;77.41;1007.31;715
2018-08-27 16:31:03.058167;7;19.66;78.99;1007.4;715
2018-08-27 16:31:03.293387;8;19.53;76.1;1007.21;715
2018-08-27 16:31:03.528472;9;19.7;78.14;1007.23;715
2018-08-27 16:31:03.762750;10;19.65;77.27;1007.42;715
2018-08-27 16:31:04.561149;11;19.81;74.97;1007.39;715
2018-08-27 16:31:05.562930;1;19.78;76.82;1007.56;716
2018-08-27 16:31:05.797112;2;19.78;76.22;1007.14;716
2018-08-27 16:31:06.031787;3;19.81;77.04;1007.32;716
2018-08-27 16:31:06.267418;4;20.03;76.88;1007.25;716
2018-08-27 16:31:06.500842;5;19.89;76.65;1007.71;716
2018-08-27 16:31:06.735678;6;19.59;77.48;1007.32;716
2018-08-27 16:31:06.970922;7;19.63;79.0;1007.45;716
2018-08-27 16:31:07.205341;8;19.54;76.2;1007.06;716
2018-08-27 16:31:07.439775;9;19.68;78.15;1007.27;716
2018-08-27 16:31:07.675092;10;19.63;77.19;1007.51;716
2018-08-27 16:31:08.482416;11;19.78;74.9;1007.37;716
2018-08-27 16:31:09.484095;1;19.76;76.38;1007.52;717
2018-08-27 16:31:09.718603;2;19.73;75.88;1007.21;717
2018-08-27 16:31:09.953796;3;19.77;76.58;1007.33;717
2018-08-27 16:31:10.188544;4;20.02;76.43;1007.28;717
2018-08-27 16:31:10.423170;5;19.88;76.34;1007.52;717
2018-08-27 16:31:10.657835;6;19.58;77.25;1007.31;717
2018-08-27 16:31:10.892956;7;19.6;78.72;1007.55;717
2018-08-27 16:31:11.127652;8;19.53;76.02;1007.09;717
2018-08-27 16:31:11.361905;9;19.67;77.97;1007.26;717
2018-08-27 16:31:11.596421;10;19.61;77.01;1007.68;717
2018-08-27 16:31:12.708693;11;19.77;74.93;1006.68;717
2018-08-27 16:31:13.723767;1;19.73;76.52;1007.58;718
2018-08-27 16:31:13.958527;2;19.73;76.03;1007.34;718
2018-08-27 16:31:14.193619;3;19.76;76.8;1007.32;718
2018-08-27 16:31:14.427886;4;19.99;76.75;1007.23;718
2018-08-27 16:31:14.662896;5;19.87;76.61;1007.53;718
2018-08-27 16:31:14.897149;6;19.58;77.61;1007.27;718
2018-08-27 16:31:15.131968;7;19.59;79.09;1007.44;718
2018-08-27 16:31:15.366980;8;19.51;76.42;1007.17;718
2018-08-27 16:31:15.601266;9;19.66;78.45;1007.22;718
2018-08-27 16:31:15.836039;10;19.61;77.49;1007.43;718
2018-08-27 16:31:16.631145;11;19.78;75.43;1007.36;718
2018-08-27 16:31:17.650793;1;19.73;77.05;1007.58;719
2018-08-27 16:31:17.884196;2;19.74;76.69;1007.24;719
2018-08-27 16:31:18.120073;3;19.76;77.49;1007.33;719
2018-08-27 16:31:18.354356;4;20.01;77.57;1007.17;719
2018-08-27 16:31:18.588271;5;19.89;77.53;1007.59;719
2018-08-27 16:31:18.823117;6;19.59;78.56;1007.29;719
2018-08-27 16:31:19.058449;7;19.59;79.69;1007.47;719
2018-08-27 16:31:19.293597;8;19.54;77.09;1007.16;719
2018-08-27 16:31:19.527969;9;19.69;79.31;1007.21;719
2018-08-27 16:31:19.762890;10;19.62;78.03;1007.48;719
2018-08-27 16:31:20.963703;11;19.8;75.72;1006.65;719
2018-08-27 16:31:21.979472;1;19.7;76.57;1007.6;720
2018-08-27 16:31:22.570203;2;19.71;76.15;1007.22;720
2018-08-27 16:31:22.805027;3;19.73;76.85;1007.32;720
2018-08-27 16:31:23.039489;4;19.99;76.74;1007.19;720
2018-08-27 16:31:23.274845;5;19.88;76.81;1007.58;720
2018-08-27 16:31:23.509179;6;19.58;77.75;1007.28;720
2018-08-27 16:31:23.744721;7;19.56;79.01;1007.45;720
2018-08-27 16:31:23.978965;8;19.52;76.41;1007.13;720
2018-08-27 16:31:24.213689;9;19.66;78.51;1007.19;720
2018-08-27 16:31:24.448424;10;19.61;77.58;1007.45;720
2018-08-27 16:31:24.880808;11;19.78;75.27;1007.33;720
2018-08-27 16:31:25.893793;1;19.71;77.0;1007.55;721
2018-08-27 16:31:26.128636;2;19.76;76.45;1007.25;721
2018-08-27 16:31:26.363088;3;19.77;77.4;1007.28;721
2018-08-27 16:31:26.597918;4;20.0;77.14;1007.21;721
2018-08-27 16:31:26.833363;5;19.87;76.83;1007.59;721
2018-08-27 16:31:27.068120;6;19.58;77.49;1007.25;721
2018-08-27 16:31:27.302502;7;19.57;78.89;1007.5;721
2018-08-27 16:31:27.536740;8;19.51;76.22;1007.13;721
2018-08-27 16:31:27.771253;9;19.67;78.28;1007.23;721
2018-08-27 16:31:28.006121;10;19.61;77.34;1007.47;721
2018-08-27 16:31:28.799287;11;19.76;74.81;1006.87;721
2018-08-27 16:31:29.812567;1;19.65;76.47;1007.54;722
2018-08-27 16:31:30.047423;2;19.67;75.92;1007.23;722
2018-08-27 16:31:30.282271;3;19.7;76.71;1007.38;722
2018-08-27 16:31:30.516687;4;19.96;76.49;1007.16;722
2018-08-27 16:31:30.752223;5;19.86;76.31;1007.52;722
2018-08-27 16:31:30.986844;6;19.53;77.17;1007.28;722
2018-08-27 16:31:31.221273;7;19.51;78.76;1007.43;722
2018-08-27 16:31:31.456014;8;19.44;76.0;1007.16;722
2018-08-27 16:31:31.690447;9;19.61;77.96;1007.22;722
2018-08-27 16:31:31.924894;10;19.56;77.0;1007.45;722
2018-08-27 16:31:32.723196;11;19.75;74.61;1007.41;722
2018-08-27 16:31:33.737869;1;19.62;76.37;1007.61;723
2018-08-27 16:31:33.972877;2;19.62;75.78;1007.3;723
2018-08-27 16:31:34.207566;3;19.68;76.48;1007.35;723
2018-08-27 16:31:34.441974;4;19.93;76.22;1007.22;723
2018-08-27 16:31:34.676457;5;19.82;76.11;1007.59;723
2018-08-27 16:31:34.912385;6;19.5;77.22;1007.27;723
2018-08-27 16:31:35.146071;7;19.5;78.87;1007.51;723
2018-08-27 16:31:35.380762;8;19.42;76.31;1007.2;723
2018-08-27 16:31:35.615346;9;19.59;78.17;1007.25;723
2018-08-27 16:31:35.850150;10;19.55;77.14;1007.5;723
2018-08-27 16:31:36.640972;11;19.73;75.01;1007.3;723
2018-08-27 16:31:37.657236;1;19.63;77.16;1007.6;724
2018-08-27 16:31:37.891836;2;19.66;76.54;1007.25;724
2018-08-27 16:31:38.126306;3;19.7;77.49;1007.3;724
2018-08-27 16:31:38.362258;4;19.94;77.28;1007.16;724
2018-08-27 16:31:38.596604;5;19.83;76.92;1007.62;724
2018-08-27 16:31:38.831616;6;19.52;78.07;1007.24;724
2018-08-27 16:31:39.065818;7;19.51;79.7;1007.48;724
2018-08-27 16:31:39.300372;8;19.44;77.0;1007.21;724
2018-08-27 16:31:39.534564;9;19.61;78.84;1007.21;724
2018-08-27 16:31:39.769578;10;19.55;77.83;1007.46;724
2018-08-27 16:31:40.569769;11;19.74;75.6;1006.95;724
2018-08-27 16:31:41.571694;1;19.65;77.67;1007.63;725
2018-08-27 16:31:41.806189;2;19.68;76.98;1007.25;725
2018-08-27 16:31:42.041138;3;19.7;78.17;1007.34;725
2018-08-27 16:31:42.275806;4;19.95;77.85;1007.21;725
2018-08-27 16:31:42.510247;5;19.84;77.32;1007.67;725
2018-08-27 16:31:42.745097;6;19.53;78.42;1007.3;725
2018-08-27 16:31:42.979924;7;19.54;79.99;1007.49;725
2018-08-27 16:31:43.215233;8;19.46;77.13;1007.12;725
2018-08-27 16:31:43.449740;9;19.62;79.03;1007.33;725
2018-08-27 16:31:43.684914;10;19.55;78.03;1007.52;725
2018-08-27 16:31:44.483696;11;19.73;75.63;1007.41;725
2018-08-27 16:31:45.484387;1;19.65;77.18;1007.53;726
2018-08-27 16:31:45.719005;2;19.67;76.51;1007.19;726
2018-08-27 16:31:45.954554;3;19.7;77.36;1007.31;726
2018-08-27 16:31:46.188852;4;19.93;77.07;1007.24;726
2018-08-27 16:31:46.423654;5;19.81;76.82;1007.64;726
2018-08-27 16:31:46.658063;6;19.52;77.7;1007.3;726
2018-08-27 16:31:46.892561;7;19.51;79.34;1007.47;726
2018-08-27 16:31:47.127074;8;19.46;76.47;1007.17;726
2018-08-27 16:31:47.362608;9;19.6;78.48;1007.32;726
2018-08-27 16:31:47.596654;10;19.55;77.51;1007.6;726
2018-08-27 16:31:48.401751;11;19.71;75.32;1007.33;726
2018-08-27 16:31:49.401097;1;19.63;77.07;1007.58;727
2018-08-27 16:31:49.635560;2;19.66;76.4;1007.31;727
2018-08-27 16:31:49.870392;3;19.68;77.22;1007.36;727
2018-08-27 16:31:50.106048;4;19.92;77.09;1007.18;727
2018-08-27 16:31:50.340590;5;19.79;76.94;1007.64;727
2018-08-27 16:31:50.575080;6;19.52;77.82;1007.27;727
2018-08-27 16:31:50.809609;7;19.51;79.42;1007.49;727
2018-08-27 16:31:51.043802;8;19.46;76.62;1007.23;727
2018-08-27 16:31:51.278581;9;19.6;78.62;1007.19;727
2018-08-27 16:31:51.513441;10;19.54;77.63;1007.45;727
2018-08-27 16:31:52.316454;11;19.7;75.41;1006.31;727
2018-08-27 16:31:53.317868;1;19.63;77.17;1007.59;728
2018-08-27 16:31:53.552846;2;19.65;76.55;1007.23;728
2018-08-27 16:31:53.787158;3;19.67;77.35;1007.3;728
2018-08-27 16:31:54.021947;4;19.91;77.22;1007.19;728
2018-08-27 16:31:54.714452;5;19.78;77.12;1007.6;728
2018-08-27 16:31:54.948933;6;19.52;78.21;1007.28;728
2018-08-27 16:31:55.183764;7;19.52;79.92;1007.47;728
2018-08-27 16:31:55.418565;8;19.44;77.06;1007.18;728
2018-08-27 16:31:55.653053;9;19.61;79.1;1007.24;728
2018-08-27 16:31:55.888610;10;19.55;78.17;1007.46;728
2018-08-27 16:31:56.184409;11;19.73;76.0;1007.31;728
2018-08-27 16:31:57.920991;1;19.66;78.07;1007.63;729
2018-08-27 16:31:58.155815;2;19.66;77.2;1007.26;729
2018-08-27 16:31:58.390272;3;19.69;78.27;1007.37;729
2018-08-27 16:31:58.625034;4;19.95;77.92;1007.19;729
2018-08-27 16:31:58.859874;5;19.82;77.39;1007.63;729
2018-08-27 16:31:59.094361;6;19.52;78.21;1007.27;729
2018-08-27 16:31:59.329151;7;19.54;79.96;1007.4;729
2018-08-27 16:31:59.563974;8;19.43;76.7;1007.23;729
2018-08-27 16:31:59.798859;9;19.61;78.68;1007.29;729
2018-08-27 16:32:00.034149;10;19.55;77.94;1007.38;729
2018-08-27 16:32:01.678312;11;19.7;75.28;1006.36;729
2018-08-27 16:32:02.694347;1;19.59;76.24;1007.53;730
2018-08-27 16:32:02.928845;2;19.59;75.6;1007.24;730
2018-08-27 16:32:03.163651;3;19.65;76.17;1007.44;730
2018-08-27 16:32:03.398467;4;19.86;75.77;1007.2;730
2018-08-27 16:32:03.633047;5;19.72;75.75;1007.65;730
2018-08-27 16:32:03.867748;6;19.45;76.26;1007.37;730
2018-08-27 16:32:04.102604;7;19.45;78.05;1007.48;730
2018-08-27 16:32:04.337375;8;19.39;75.15;1007.24;730
2018-08-27 16:32:04.572577;9;19.53;77.24;1007.26;730
2018-08-27 16:32:04.807949;10;19.48;76.26;1007.63;730
2018-08-27 16:32:05.605337;11;19.61;74.04;1006.82;730
2018-08-27 16:32:06.620317;1;19.55;75.82;1007.52;731
2018-08-27 16:32:06.856169;2;19.55;75.32;1007.26;731
2018-08-27 16:32:07.090268;3;19.61;75.83;1007.37;731
2018-08-27 16:32:07.325187;4;19.86;75.6;1007.19;731
2018-08-27 16:32:07.559695;5;19.71;75.68;1007.6;731
2018-08-27 16:32:07.794783;6;19.43;76.46;1007.35;731
2018-08-27 16:32:08.028553;7;19.41;78.08;1007.44;731
2018-08-27 16:32:08.695400;8;19.36;75.31;1007.3;731
2018-08-27 16:32:08.930404;9;19.5;77.38;1007.27;731
2018-08-27 16:32:09.164735;10;19.45;76.35;1007.54;731
2018-08-27 16:32:09.535021;11;19.59;74.32;1007.31;731
2018-08-27 16:32:10.538779;1;19.51;76.05;1007.57;732
2018-08-27 16:32:10.773622;2;19.5;75.57;1007.31;732
2018-08-27 16:32:11.008106;3;19.57;76.16;1007.39;732
2018-08-27 16:32:11.242872;4;19.83;75.89;1007.19;732
2018-08-27 16:32:11.477890;5;19.69;75.89;1007.6;732
2018-08-27 16:32:11.712661;6;19.39;76.83;1007.37;732
2018-08-27 16:32:11.947656;7;19.38;78.41;1007.46;732
2018-08-27 16:32:12.182294;8;19.35;75.67;1007.23;732
2018-08-27 16:32:12.417139;9;19.49;77.66;1007.35;732
2018-08-27 16:32:12.651486;10;19.43;76.61;1007.48;732
2018-08-27 16:32:13.456277;11;19.57;74.56;1007.36;732
2018-08-27 16:32:14.456741;1;19.5;76.4;1007.6;733
2018-08-27 16:32:14.691429;2;19.5;75.88;1007.31;733
2018-08-27 16:32:14.926831;3;19.56;76.54;1007.32;733
2018-08-27 16:32:15.160698;4;19.8;76.28;1007.22;733
2018-08-27 16:32:15.395494;5;19.67;76.17;1007.62;733
2018-08-27 16:32:15.630292;6;19.39;77.03;1007.27;733
2018-08-27 16:32:16.586790;7;19.37;78.69;1007.45;733
2018-08-27 16:32:16.821336;8;19.34;76.14;1007.34;733
2018-08-27 16:32:17.055879;9;19.48;77.99;1007.29;733
2018-08-27 16:32:17.290816;10;19.41;76.91;1007.48;733
2018-08-27 16:32:18.366819;11;19.54;74.89;1007.32;733
2018-08-27 16:32:19.371584;1;19.45;76.63;1007.55;734
2018-08-27 16:32:19.606534;2;19.46;76.1;1007.25;734
2018-08-27 16:32:19.841336;3;19.53;76.8;1007.59;734
2018-08-27 16:32:20.076233;4;19.76;76.53;1007.22;734
2018-08-27 16:32:20.310210;5;19.63;76.37;1007.62;734
2018-08-27 16:32:20.545497;6;19.35;77.22;1007.34;734
2018-08-27 16:32:20.779768;7;19.34;78.93;1007.44;734
2018-08-27 16:32:21.014293;8;19.33;75.94;1007.18;734
2018-08-27 16:32:21.249556;9;19.45;77.92;1007.32;734
2018-08-27 16:32:21.483947;10;19.38;76.97;1007.56;734
2018-08-27 16:32:22.228929;11;19.52;74.94;1007.41;734
2018-08-27 16:32:23.235787;1;19.42;76.62;1007.54;735
2018-08-27 16:32:23.470289;2;19.44;76.03;1007.25;735
2018-08-27 16:32:23.705351;3;19.5;76.75;1007.35;735
2018-08-27 16:32:23.939943;4;19.72;76.55;1007.18;735
2018-08-27 16:32:24.174554;5;19.6;76.45;1007.64;735
2018-08-27 16:32:24.409654;6;19.32;77.34;1007.23;735
2018-08-27 16:32:24.644917;7;19.3;79.01;1007.43;735
2018-08-27 16:32:24.879635;8;19.3;76.1;1007.22;735
2018-08-27 16:32:25.113951;9;19.42;78.15;1007.33;735
2018-08-27 16:32:25.350629;10;19.35;77.15;1007.45;735
2018-08-27 16:32:26.094494;11;19.49;75.17;1007.28;735
2018-08-27 16:32:27.106823;1;19.41;77.0;1007.58;736
2018-08-27 16:32:27.341309;2;19.42;76.43;1007.3;736
2018-08-27 16:32:27.576636;3;19.49;77.23;1007.36;736
2018-08-27 16:32:27.811347;4;19.72;77.11;1007.23;736
2018-08-27 16:32:28.046031;5;19.59;76.98;1007.64;736
2018-08-27 16:32:28.281071;6;19.31;77.92;1007.26;736
2018-08-27 16:32:28.515215;7;19.29;79.54;1007.49;736
2018-08-27 16:32:28.749641;8;19.3;76.62;1007.25;736
2018-08-27 16:32:28.984292;9;19.42;78.63;1007.3;736
2018-08-27 16:32:29.219123;10;19.34;77.71;1007.45;736
2018-08-27 16:32:29.970267;11;19.49;75.71;1007.35;736
2018-08-27 16:32:30.983930;1;19.41;77.37;1007.59;737
2018-08-27 16:32:31.218801;2;19.42;76.79;1007.25;737
2018-08-27 16:32:31.453499;3;19.48;77.67;1007.33;737
2018-08-27 16:32:31.688068;4;19.72;77.39;1007.26;737
2018-08-27 16:32:31.922878;5;19.58;77.17;1007.6;737
2018-08-27 16:32:32.157334;6;19.32;77.97;1007.38;737
2018-08-27 16:32:32.392171;7;19.3;79.69;1007.45;737
2018-08-27 16:32:32.627023;8;19.3;76.66;1007.2;737
2018-08-27 16:32:32.862608;9;19.42;78.64;1007.26;737
2018-08-27 16:32:33.097161;10;19.34;77.74;1007.48;737
2018-08-27 16:32:33.878925;11;19.48;75.72;1006.17;737
2018-08-27 16:32:34.892518;1;19.43;77.45;1007.62;738
2018-08-27 16:32:35.127359;2;19.41;76.97;1007.29;738
2018-08-27 16:32:35.362327;3;19.47;77.84;1007.28;738
2018-08-27 16:32:35.596720;4;19.73;77.63;1007.23;738
2018-08-27 16:32:35.831459;5;19.6;77.45;1007.65;738
2018-08-27 16:32:36.066759;6;19.31;78.35;1007.33;738
2018-08-27 16:32:36.301155;7;19.3;79.84;1007.45;738
2018-08-27 16:32:36.535983;8;19.29;76.93;1007.24;738
2018-08-27 16:32:36.770766;9;19.42;78.9;1007.42;738
2018-08-27 16:32:37.005404;10;19.34;77.94;1007.52;738
2018-08-27 16:32:37.796637;11;19.48;75.92;1007.37;738
2018-08-27 16:32:38.814042;1;19.41;77.46;1007.61;739
2018-08-27 16:32:39.048866;2;19.41;76.98;1007.27;739
2018-08-27 16:32:39.283729;3;19.47;77.71;1007.38;739
2018-08-27 16:32:39.518203;4;19.72;77.51;1007.24;739
2018-08-27 16:32:39.753670;5;19.59;77.4;1007.83;739
2018-08-27 16:32:39.987929;6;19.32;78.2;1007.28;739
2018-08-27 16:32:40.223073;7;19.29;79.9;1007.45;739
2018-08-27 16:32:40.457521;8;19.31;76.82;1007.22;739
2018-08-27 16:32:40.691952;9;19.42;78.86;1007.22;739
2018-08-27 16:32:40.926709;10;19.34;77.97;1007.47;739
2018-08-27 16:32:41.721247;11;19.48;75.9;1006.78;739
2018-08-27 16:32:42.737954;1;19.42;77.49;1007.67;740
2018-08-27 16:32:42.973089;2;19.4;77.01;1007.24;740
2018-08-27 16:32:43.207798;3;19.46;77.77;1007.31;740
2018-08-27 16:32:43.442719;4;19.7;77.61;1007.21;740
2018-08-27 16:32:43.676587;5;19.57;77.48;1007.8;740
2018-08-27 16:32:43.911359;6;19.32;78.27;1007.26;740
2018-08-27 16:32:44.146187;7;19.29;80.04;1007.48;740
2018-08-27 16:32:44.380660;8;19.3;76.97;1007.27;740
2018-08-27 16:32:44.615448;9;19.43;79.02;1007.29;740
2018-08-27 16:32:44.850274;10;19.33;78.12;1007.52;740
2018-08-27 16:32:45.640472;11;19.48;76.16;1007.35;740
2018-08-27 16:32:46.916495;1;19.44;77.77;1007.54;741
2018-08-27 16:32:47.150966;2;19.41;77.26;1007.25;741
2018-08-27 16:32:47.385787;3;19.47;78.09;1007.44;741
2018-08-27 16:32:47.620601;4;19.71;77.91;1007.22;741
2018-08-27 16:32:47.855562;5;19.59;77.7;1007.61;741
2018-08-27 16:32:48.089881;6;19.33;78.5;1007.32;741
2018-08-27 16:32:48.325148;7;19.3;80.26;1007.51;741
2018-08-27 16:32:48.559753;8;19.31;77.21;1007.22;741
2018-08-27 16:32:48.794449;9;19.42;79.22;1007.25;741
2018-08-27 16:32:49.029541;10;19.34;78.37;1007.58;741
2018-08-27 16:32:49.577899;11;19.49;76.38;1007.41;741
2018-08-27 16:32:50.590922;1;19.44;78.02;1007.59;742
2018-08-27 16:32:51.251986;2;19.41;77.56;1007.37;742
2018-08-27 16:32:51.488232;3;19.47;78.4;1007.43;742
2018-08-27 16:32:51.721292;4;19.71;78.18;1007.25;742
2018-08-27 16:32:51.956126;5;19.61;77.89;1007.67;742
2018-08-27 16:32:52.190899;6;19.34;78.69;1007.33;742
2018-08-27 16:32:52.425393;7;19.3;80.46;1007.29;742
2018-08-27 16:32:52.660258;8;19.31;77.31;1007.19;742
2018-08-27 16:32:52.895721;9;19.43;79.3;1007.26;742
2018-08-27 16:32:53.129918;10;19.34;78.45;1007.39;742
2018-08-27 16:32:53.504206;11;19.51;76.39;1007.38;742
2018-08-27 16:32:54.508695;1;19.42;77.75;1007.6;743
2018-08-27 16:32:54.743143;2;19.37;77.31;1007.23;743
2018-08-27 16:32:54.977973;3;19.43;77.93;1007.32;743
2018-08-27 16:32:55.212891;4;19.69;77.54;1007.25;743
2018-08-27 16:32:55.447932;5;19.6;77.37;1007.57;743
2018-08-27 16:32:55.682992;6;19.3;78.05;1007.27;743
2018-08-27 16:32:55.917223;7;18.16;79.66;1005.62;743
2018-08-27 16:32:58.430161;9;19.36;78.43;1007.35;743
2018-08-27 16:32:58.665859;10;19.29;77.58;1007.56;743
2018-08-27 16:32:59.412789;11;19.46;75.53;1007.42;743
2018-08-27 16:33:00.413496;1;19.34;77.24;1007.54;744
2018-08-27 16:33:00.648165;2;19.3;76.91;1007.24;744
2018-08-27 16:33:00.882776;3;19.38;77.55;1007.37;744
2018-08-27 16:33:01.117583;4;19.63;77.34;1007.23;744
2018-08-27 16:33:01.352657;5;19.53;77.11;1007.62;744
2018-08-27 16:33:01.587331;6;19.26;77.99;1007.34;744
2018-08-27 16:33:01.822301;7;19.21;79.79;1007.45;744
2018-08-27 16:33:02.056627;8;19.22;76.73;1007.15;744
2018-08-27 16:33:02.291452;9;19.36;78.78;1007.35;744
2018-08-27 16:33:02.526100;10;19.26;77.89;1007.57;744
2018-08-27 16:33:03.322151;11;19.42;75.79;1007.49;744
2018-08-27 16:33:04.323078;1;19.3;77.71;1007.5;745
2018-08-27 16:33:04.558226;2;19.29;77.29;1007.26;745
2018-08-27 16:33:04.792776;3;19.37;78.04;1007.33;745
2018-08-27 16:33:05.027735;4;19.6;77.93;1007.18;745
2018-08-27 16:33:05.261946;5;19.51;77.66;1007.59;745
2018-08-27 16:33:05.497102;6;19.23;78.51;1007.34;745
2018-08-27 16:33:05.731926;7;19.19;80.32;1007.39;745
2018-08-27 16:33:05.966092;8;19.21;77.25;1007.19;745
2018-08-27 16:33:06.200863;9;19.35;79.37;1007.2;745
2018-08-27 16:33:06.788938;10;19.23;78.5;1007.52;745
2018-08-27 16:33:07.182436;11;19.4;76.42;1007.39;745
2018-08-27 16:33:08.199898;1;19.3;78.24;1007.58;746
2018-08-27 16:33:08.435270;2;19.29;77.76;1007.24;746
2018-08-27 16:33:08.669529;3;19.35;78.66;1007.35;746
2018-08-27 16:33:08.904316;4;19.58;78.59;1007.21;746
2018-08-27 16:33:09.138847;5;19.47;78.28;1007.62;746
2018-08-27 16:33:09.373679;6;19.23;79.06;1007.32;746
2018-08-27 16:33:09.608441;7;19.18;80.88;1007.5;746
2018-08-27 16:33:09.842934;8;19.2;77.75;1007.26;746
2018-08-27 16:33:10.077769;9;19.33;79.81;1007.23;746
2018-08-27 16:33:10.313734;10;19.22;79.01;1007.49;746
2018-08-27 16:33:11.060318;11;19.38;77.01;1007.4;746
2018-08-27 16:33:12.073496;1;19.3;78.99;1007.62;747
2018-08-27 16:33:12.308083;2;19.29;78.52;1007.21;747
2018-08-27 16:33:12.542995;3;19.35;79.52;1007.32;747
2018-08-27 16:33:12.777416;4;19.58;79.29;1007.26;747
2018-08-27 16:33:13.012215;5;19.47;78.96;1007.69;747
2018-08-27 16:33:13.247022;6;19.23;79.81;1007.35;747
2018-08-27 16:33:13.481473;7;19.19;81.59;1007.46;747
2018-08-27 16:33:13.717138;8;19.19;78.34;1007.22;747
2018-08-27 16:33:13.951497;9;19.33;80.38;1007.27;747
2018-08-27 16:33:14.187439;10;19.22;79.5;1007.5;747
2018-08-27 16:33:14.938211;11;19.38;77.26;1007.41;747
2018-08-27 16:33:15.955410;1;19.3;78.98;1007.54;748
2018-08-27 16:33:16.190681;2;19.27;78.57;1007.27;748
2018-08-27 16:33:16.425469;3;19.34;79.59;1007.3;748
2018-08-27 16:33:16.659646;4;19.58;79.16;1007.2;748
2018-08-27 16:33:16.893841;5;19.46;78.81;1007.61;748
2018-08-27 16:33:17.129899;6;19.22;79.71;1007.2;748
2018-08-27 16:33:17.363071;7;19.19;81.73;1007.43;748
2018-08-27 16:33:17.597908;8;19.18;78.67;1007.22;748
2018-08-27 16:33:17.832733;9;19.33;80.51;1007.37;748
2018-08-27 16:33:18.067169;10;19.23;79.73;1007.49;748
2018-08-27 16:33:18.867935;11;19.38;77.65;1006.65;748
2018-08-27 16:33:19.882642;1;19.33;79.5;1007.54;749
2018-08-27 16:33:20.116083;2;19.29;79.17;1007.24;749
2018-08-27 16:33:20.351345;3;19.35;80.51;1007.32;749
2018-08-27 16:33:20.585706;4;19.6;79.79;1007.19;749
2018-08-27 16:33:20.820171;5;19.48;79.11;1007.78;749
2018-08-27 16:33:21.055014;6;19.23;79.87;1007.3;749
2018-08-27 16:33:21.289419;7;19.2;81.83;1007.49;749
2018-08-27 16:33:21.524252;8;19.18;78.51;1007.25;749
2018-08-27 16:33:21.759058;9;19.34;80.39;1007.31;749
2018-08-27 16:33:21.993692;10;19.22;79.65;1007.53;749
2018-08-27 16:33:22.791782;11;19.37;77.21;1007.49;749
2018-08-27 16:33:23.806568;1;19.33;79.0;1007.5;750
2018-08-27 16:33:24.040709;2;19.29;78.59;1007.25;750
2018-08-27 16:33:24.278145;3;19.35;79.51;1007.35;750
2018-08-27 16:33:24.512110;4;19.61;79.11;1007.29;750
2018-08-27 16:33:24.744427;5;19.48;78.72;1007.54;750
2018-08-27 16:33:24.979694;6;19.23;79.49;1007.33;750
2018-08-27 16:33:25.213964;7;19.22;81.43;1007.51;750
2018-08-27 16:33:25.448439;8;19.18;78.26;1007.2;750
2018-08-27 16:33:25.683862;9;19.34;80.21;1007.28;750
2018-08-27 16:33:25.918148;10;19.24;79.42;1007.5;750
2018-08-27 16:33:26.718864;11;19.36;76.78;1007.38;750
2018-08-27 16:33:27.833116;1;19.3;78.42;1007.59;751
2018-08-27 16:33:27.971406;2;19.25;77.9;1007.25;751
2018-08-27 16:33:28.205512;3;19.34;78.57;1007.33;751
2018-08-27 16:33:28.440350;4;19.58;78.11;1007.28;751
2018-08-27 16:33:28.700264;5;19.45;77.88;1007.61;751
2018-08-27 16:33:28.909784;6;19.2;78.69;1007.29;751
2018-08-27 16:33:29.379134;8;19.15;77.61;1007.13;751
2018-08-27 16:33:29.613666;9;19.31;79.51;1007.28;751
2018-08-27 16:33:29.848462;10;19.21;78.63;1007.53;751
2018-08-27 16:33:30.649517;11;19.34;76.15;1007.43;751
2018-08-27 16:33:31.672391;1;19.31;78.27;1007.58;752
2018-08-27 16:33:31.907214;2;19.26;77.87;1007.28;752
2018-08-27 16:33:32.141675;3;19.34;78.47;1007.32;752
2018-08-27 16:33:32.376498;4;19.6;78.13;1007.27;752
2018-08-27 16:33:32.611473;5;19.46;77.81;1007.67;752
2018-08-27 16:33:32.845746;6;19.19;78.6;1007.39;752
2018-08-27 16:33:33.080570;7;19.19;80.41;1007.43;752
2018-08-27 16:33:33.315397;8;19.13;77.31;1007.25;752
2018-08-27 16:33:33.549880;9;19.32;79.31;1007.34;752
2018-08-27 16:33:33.784700;10;19.23;78.56;1007.49;752
2018-08-27 16:33:34.583663;11;19.22;76.31;1007.17;752
2018-08-27 16:33:35.592510;1;19.33;78.78;1007.58;753
2018-08-27 16:33:35.827566;2;19.27;78.53;1007.29;753
2018-08-27 16:33:36.061838;3;19.34;79.75;1007.34;753
2018-08-27 16:33:36.302907;4;19.61;79.27;1007.27;753
2018-08-27 16:33:36.533556;5;19.48;78.62;1007.67;753
2018-08-27 16:33:36.767201;6;19.19;79.81;1007.28;753
2018-08-27 16:33:37.000753;7;19.21;81.44;1007.46;753
2018-08-27 16:33:37.238490;8;19.14;78.47;1007.25;753
2018-08-27 16:33:37.478544;9;19.32;80.26;1007.27;753
2018-08-27 16:33:37.705129;10;19.22;79.32;1007.48;753
2018-08-27 16:33:38.508952;11;19.34;76.85;1006.35;753
2018-08-27 16:33:39.511353;1;19.32;78.63;1007.59;754
2018-08-27 16:33:39.749581;2;19.26;78.33;1007.2;754
2018-08-27 16:33:39.980792;3;19.35;79.4;1007.35;754
2018-08-27 16:33:40.215725;4;19.59;78.87;1007.26;754
2018-08-27 16:33:40.450255;5;19.48;78.49;1007.65;754
2018-08-27 16:33:40.684811;6;19.19;79.4;1007.35;754
2018-08-27 16:33:40.919681;7;19.22;81.16;1007.42;754
2018-08-27 16:33:41.154011;8;19.16;78.32;1007.22;754
2018-08-27 16:33:41.388857;9;19.33;80.15;1007.4;754
2018-08-27 16:33:41.657111;10;19.25;79.26;1007.47;754
