2018-08-03 16:24:34.644797;1;25.590000000000032;50.47999999999999;1018.2420000000001;0
2018-08-03 16:24:37.627541;3;25.840000000000032;51.06;1018.1949999999999;0
2018-08-03 16:24:38.456777;4;25.850000000000023;50.650000000000006;1018.2589999999999;0
2018-08-03 16:24:41.323329;6;27.810000000000002;38.889999999999986;1018.193;0
2018-08-03 16:24:42.009715;7;27.680000000000007;40.889999999999986;1018.238;0
2018-08-03 16:24:42.655195;8;28.090000000000032;39.02000000000001;1018.1530000000001;0
2018-08-03 16:24:43.352070;9;27.310000000000002;42.870000000000005;1018.1859999999999;0
2018-08-03 16:24:43.997131;10;27.57000000000005;41.110000000000014;1018.19;0
2018-08-03 16:24:44.677652;1;25.590000000000032;50.41999999999999;1018.2220000000001;1
2018-08-03 16:24:47.628312;3;25.890000000000043;50.97999999999999;1018.145;1
2018-08-03 16:24:48.379532;4;25.850000000000023;50.43000000000001;1018.2389999999999;1
2018-08-03 16:24:51.125213;6;27.79000000000002;38.889999999999986;1018.173;1
2018-08-03 16:24:51.784689;7;27.680000000000007;40.83000000000001;1018.2080000000001;1
2018-08-03 16:24:52.779625;8;28.100000000000023;39.00999999999999;1018.1430000000001;1
2018-08-03 16:24:53.567195;9;27.310000000000002;42.94;1018.2159999999999;1
2018-08-03 16:24:54.274425;10;27.57000000000005;41.41;1018.19;1
2018-08-03 16:24:55.992658;2;26.07000000000005;49.46000000000001;1018.2620000000001;2
2018-08-03 16:24:56.372787;3;25.920000000000016;50.849999999999994;1018.1949999999999;2
2018-08-03 16:24:57.103918;4;25.850000000000023;50.110000000000014;1018.3090000000001;2
2018-08-03 16:24:57.879024;5;25.600000000000023;50.84;1018.36;2
2018-08-03 16:24:58.636433;6;27.79000000000002;38.93000000000001;1018.153;2
2018-08-03 16:24:59.408401;7;27.680000000000007;41.120000000000005;1018.2180000000001;2
2018-08-03 16:25:00.121463;8;28.100000000000023;38.96000000000001;1018.1530000000001;2
2018-08-03 16:25:00.910093;9;27.30000000000001;42.93000000000001;1018.1959999999999;2
2018-08-03 16:25:01.598219;10;27.560000000000002;42.099999999999994;1018.1700000000001;2
2018-08-03 16:25:02.279258;1;25.58000000000004;50.03;1018.1720000000001;3
2018-08-03 16:25:02.659370;2;26.08000000000004;49.81999999999999;1018.2319999999999;3
2018-08-03 16:25:03.039861;3;25.950000000000045;51.02000000000001;1018.185;3
2018-08-03 16:25:03.419802;4;25.850000000000023;50.099999999999994;1018.2890000000001;3
2018-08-03 16:25:03.800412;5;25.600000000000023;51.150000000000006;1018.34;3
2018-08-03 16:25:04.539882;6;27.79000000000002;38.94;1018.143;3
2018-08-03 16:25:05.291930;7;27.680000000000007;41.00999999999999;1018.1880000000001;3
2018-08-03 16:25:05.968561;8;28.100000000000023;39.03999999999999;1018.1630000000001;3
2018-08-03 16:25:06.792566;9;27.310000000000002;42.870000000000005;1018.2159999999999;3
2018-08-03 16:25:07.549444;10;27.560000000000002;41.59;1018.2;3
2018-08-03 16:25:08.230480;1;25.590000000000032;50.25999999999999;1018.2420000000001;4
2018-08-03 16:25:09.060437;2;26.090000000000032;49.58000000000001;1018.2420000000001;4
2018-08-03 16:25:09.440794;3;25.99000000000001;52.33000000000001;1018.185;4
2018-08-03 16:25:09.820954;4;25.850000000000023;50.28;1018.2389999999999;4
2018-08-03 16:25:12.960182;6;27.79000000000002;38.94;1018.123;4
2018-08-03 16:25:13.743838;7;27.670000000000016;40.900000000000006;1018.1579999999999;4
2018-08-03 16:25:14.551724;8;28.100000000000023;38.99000000000001;1018.1830000000001;4
2018-08-03 16:25:15.318554;9;27.30000000000001;42.879999999999995;1018.2460000000001;4
2018-08-03 16:25:16.125524;10;27.560000000000002;41.41;1018.1700000000001;4
2018-08-03 16:25:16.806023;1;25.590000000000032;50.52000000000001;1018.282;5
2018-08-03 16:25:17.186273;2;26.090000000000032;49.66;1018.1819999999999;5
2018-08-03 16:25:17.566797;3;26.08000000000004;52.44999999999999;1018.2650000000001;5
2018-08-03 16:25:17.946675;4;25.850000000000023;50.19999999999999;1018.2589999999999;5
2018-08-03 16:25:20.686044;6;27.78000000000003;38.94999999999999;1018.183;5
2018-08-03 16:25:21.379890;7;27.670000000000016;40.879999999999995;1018.238;5
2018-08-03 16:25:22.153897;8;28.090000000000032;39.06;1018.1129999999999;5
2018-08-03 16:25:22.897248;9;27.30000000000001;42.879999999999995;1018.2360000000001;5
2018-08-03 16:25:23.574024;10;27.560000000000002;41.27000000000001;1018.2;5
2018-08-03 16:25:24.255013;1;25.58000000000004;50.33000000000001;1018.2620000000001;6
2018-08-03 16:25:24.634966;2;26.090000000000032;49.610000000000014;1018.2620000000001;6
2018-08-03 16:25:25.015477;3;26.110000000000014;50.75999999999999;1018.2250000000001;6
2018-08-03 16:25:25.395672;4;25.850000000000023;50.5;1018.2990000000001;6
2018-08-03 16:25:28.244574;6;27.78000000000003;38.94999999999999;1018.183;6
2018-08-03 16:25:29.015629;7;27.680000000000007;40.94999999999999;1018.238;6
2018-08-03 16:25:29.786495;8;28.090000000000032;39.24000000000001;1018.1430000000001;6
2018-08-03 16:25:30.559056;9;27.30000000000001;42.94999999999999;1018.2260000000001;6
2018-08-03 16:25:31.250285;10;27.55000000000001;41.16;1018.24;6
2018-08-03 16:25:31.931000;1;25.57000000000005;50.31;1018.282;7
2018-08-03 16:25:32.311191;2;26.08000000000004;49.56999999999999;1018.2019999999999;7
2018-08-03 16:25:32.691759;3;26.110000000000014;50.24000000000001;1018.2350000000001;7
2018-08-03 16:25:33.071592;4;25.850000000000023;50.360000000000014;1018.2289999999999;7
2018-08-03 16:25:36.003720;6;27.77000000000004;38.94999999999999;1018.173;7
2018-08-03 16:25:36.745834;7;27.680000000000007;40.96000000000001;1018.1980000000001;7
2018-08-03 16:25:37.493883;8;28.090000000000032;39.22999999999999;1018.1830000000001;7
2018-08-03 16:25:38.135438;9;27.30000000000001;42.99000000000001;1018.2059999999999;7
2018-08-03 16:25:38.844366;10;27.55000000000001;41.129999999999995;1018.24;7
2018-08-03 16:25:39.524909;1;25.560000000000002;50.16;1018.272;8
2018-08-03 16:25:39.905244;2;26.08000000000004;49.389999999999986;1018.2620000000001;8
2018-08-03 16:25:40.285738;3;26.110000000000014;49.96000000000001;1018.2350000000001;8
2018-08-03 16:25:40.665901;4;25.850000000000023;50.46000000000001;1018.2790000000001;8
2018-08-03 16:25:43.411430;6;27.77000000000004;38.94;1018.163;8
2018-08-03 16:25:44.118546;7;27.680000000000007;40.91;1018.2280000000001;8
2018-08-03 16:25:44.854524;8;28.090000000000032;39.25;1018.2330000000001;8
2018-08-03 16:25:45.639977;9;27.30000000000001;43.0;1018.2159999999999;8
2018-08-03 16:25:46.314736;10;27.54000000000002;41.110000000000014;1018.22;8
2018-08-03 16:25:46.995408;1;25.560000000000002;49.99000000000001;1018.2220000000001;9
2018-08-03 16:25:47.375667;2;26.07000000000005;49.25;1018.292;9
2018-08-03 16:25:47.756177;3;26.110000000000014;50.06;1018.2049999999999;9
2018-08-03 16:25:48.136423;4;25.860000000000014;50.75;1018.2790000000001;9
2018-08-03 16:25:51.011224;6;27.77000000000004;38.94999999999999;1018.213;9
2018-08-03 16:25:51.806863;7;27.680000000000007;40.91;1018.2080000000001;9
2018-08-03 16:25:52.503141;8;28.090000000000032;39.22999999999999;1018.1630000000001;9
2018-08-03 16:25:53.198204;9;27.30000000000001;43.00999999999999;1018.2560000000001;9
2018-08-03 16:25:53.908515;10;27.55000000000001;41.129999999999995;1018.23;9
2018-08-03 16:25:54.590506;1;25.54000000000002;49.889999999999986;1018.2420000000001;10
2018-08-03 16:25:54.971054;2;26.07000000000005;49.03999999999999;1018.2520000000001;10
2018-08-03 16:25:55.350884;3;26.110000000000014;50.03999999999999;1018.2250000000001;10
2018-08-03 16:25:55.731780;4;25.860000000000014;50.44999999999999;1018.2489999999999;10
2018-08-03 16:25:58.732513;6;27.760000000000048;38.96000000000001;1018.193;10
2018-08-03 16:25:59.382382;7;27.680000000000007;40.94999999999999;1018.1880000000001;10
2018-08-03 16:26:00.075623;8;28.090000000000032;39.18000000000001;1018.1930000000001;10
2018-08-03 16:26:00.803898;9;27.29000000000002;43.00999999999999;1018.2360000000001;10
2018-08-03 16:26:01.477388;10;27.54000000000002;41.139999999999986;1018.22;10
2018-08-03 16:26:02.158273;1;25.53000000000003;49.99000000000001;1018.1820000000001;11
2018-08-03 16:26:02.538349;2;26.060000000000002;49.00999999999999;1018.272;11
2018-08-03 16:26:02.918973;3;26.120000000000005;50.18000000000001;1018.325;11
2018-08-03 16:26:03.298898;4;25.850000000000023;50.03999999999999;1018.2589999999999;11
2018-08-03 16:26:06.033027;6;27.760000000000048;38.96000000000001;1018.173;11
2018-08-03 16:26:06.690387;7;27.680000000000007;40.889999999999986;1018.258;11
2018-08-03 16:26:07.460030;8;28.08000000000004;39.16999999999999;1018.1830000000001;11
2018-08-03 16:26:08.201040;9;27.29000000000002;43.02000000000001;1018.2460000000001;11
2018-08-03 16:26:09.002185;10;27.54000000000002;41.16999999999999;1018.21;11
2018-08-03 16:26:09.682564;1;25.52000000000004;49.91999999999999;1018.2520000000001;12
2018-08-03 16:26:10.063047;2;26.05000000000001;49.0;1018.2520000000001;12
2018-08-03 16:26:10.443408;3;26.120000000000005;50.25999999999999;1018.2049999999999;12
2018-08-03 16:26:10.823916;4;25.840000000000032;50.150000000000006;1018.2589999999999;12
2018-08-03 16:26:13.542114;6;27.760000000000048;38.96000000000001;1018.153;12
2018-08-03 16:26:14.215041;7;27.680000000000007;40.879999999999995;1018.2180000000001;12
2018-08-03 16:26:14.977542;8;28.090000000000032;39.120000000000005;1018.2030000000001;12
2018-08-03 16:26:15.697272;9;27.29000000000002;43.00999999999999;1018.296;12
2018-08-03 16:26:16.402207;10;27.54000000000002;41.19999999999999;1018.24;12
2018-08-03 16:26:17.083152;1;25.53000000000003;49.84;1018.1920000000001;13
2018-08-03 16:26:17.463346;2;26.05000000000001;49.03999999999999;1018.2319999999999;13
2018-08-03 16:26:17.844233;3;26.120000000000005;50.77000000000001;1018.2550000000001;13
2018-08-03 16:26:18.224119;4;25.850000000000023;49.900000000000006;1018.2589999999999;13
2018-08-03 16:26:21.255910;6;27.75;38.97;1018.163;13
2018-08-03 16:26:21.910139;7;27.680000000000007;40.94;1018.238;13
2018-08-03 16:26:22.641882;8;28.090000000000032;39.129999999999995;1018.2230000000001;13
2018-08-03 16:26:23.412977;9;27.29000000000002;43.0;1018.2059999999999;13
2018-08-03 16:26:24.143275;10;27.53000000000003;41.16;1018.19;13
2018-08-03 16:26:24.823892;1;25.53000000000003;50.05000000000001;1018.2420000000001;14
2018-08-03 16:26:27.611361;3;26.140000000000043;50.27000000000001;1018.2450000000001;14
2018-08-03 16:26:28.294348;4;25.850000000000023;49.81;1018.2890000000001;14
2018-08-03 16:26:31.103598;6;27.75;38.97;1018.183;14
2018-08-03 16:26:31.903182;7;27.680000000000007;40.900000000000006;1018.2080000000001;14
2018-08-03 16:26:32.694065;8;28.090000000000032;39.16999999999999;1018.1930000000001;14
2018-08-03 16:26:33.344499;9;27.29000000000002;43.00999999999999;1018.2059999999999;14
2018-08-03 16:26:34.171567;10;27.53000000000003;41.120000000000005;1018.2;14
2018-08-03 16:26:34.852502;1;25.53000000000003;50.19999999999999;1018.2220000000001;15
2018-08-03 16:26:35.232986;2;26.05000000000001;49.25999999999999;1018.282;15
2018-08-03 16:26:35.613202;3;26.150000000000034;50.0;1018.2350000000001;15
2018-08-03 16:26:35.993735;4;25.840000000000032;49.91;1018.2589999999999;15
2018-08-03 16:26:38.433431;6;27.74000000000001;38.97;1018.163;15
2018-08-03 16:26:39.076348;7;27.680000000000007;40.91999999999999;1018.2280000000001;15
2018-08-03 16:26:39.886364;8;28.090000000000032;39.22999999999999;1018.1530000000001;15
2018-08-03 16:26:40.606120;9;27.30000000000001;43.02000000000001;1018.2059999999999;15
2018-08-03 16:26:41.240289;10;27.53000000000003;41.110000000000014;1018.1800000000001;15
2018-08-03 16:26:41.921211;1;25.54000000000002;50.06999999999999;1018.2420000000001;16
2018-08-03 16:26:42.301367;2;26.04000000000002;49.25999999999999;1018.1419999999999;16
2018-08-03 16:26:42.681956;3;26.140000000000043;49.66;1018.2350000000001;16
2018-08-03 16:26:43.484310;4;25.82000000000005;49.69;1018.2790000000001;16
2018-08-03 16:26:46.550929;6;27.74000000000001;38.97999999999999;1018.173;16
2018-08-03 16:26:47.282353;7;27.680000000000007;40.96000000000001;1018.2080000000001;16
2018-08-03 16:26:48.034941;8;28.090000000000032;39.25;1018.2130000000001;16
2018-08-03 16:26:48.827801;9;27.29000000000002;43.06999999999999;1018.2159999999999;16
2018-08-03 16:26:49.488847;10;27.52000000000004;41.120000000000005;1018.21;16
2018-08-03 16:26:50.169815;1;25.54000000000002;49.96000000000001;1018.2220000000001;17
2018-08-03 16:26:50.549996;2;26.04000000000002;49.33000000000001;1018.2219999999999;17
2018-08-03 16:26:50.930278;3;26.140000000000043;49.56;1018.2350000000001;17
2018-08-03 16:26:51.310812;4;25.82000000000005;49.81;1018.2790000000001;17
2018-08-03 16:26:54.021781;6;27.74000000000001;38.97999999999999;1018.133;17
2018-08-03 16:26:54.673356;7;27.680000000000007;40.900000000000006;1018.1880000000001;17
2018-08-03 16:26:55.348059;8;28.08000000000004;39.22999999999999;1018.2030000000001;17
2018-08-03 16:26:55.991805;9;27.29000000000002;43.08000000000001;1018.1959999999999;17
2018-08-03 16:26:56.699295;10;27.53000000000003;41.18000000000001;1018.2;17
2018-08-03 16:26:57.380060;1;25.53000000000003;49.81999999999999;1018.2020000000001;18
2018-08-03 16:26:57.760330;2;26.03000000000003;49.31999999999999;1018.2319999999999;18
2018-08-03 16:26:58.140641;3;26.150000000000034;49.75;1018.2550000000001;18
2018-08-03 16:26:58.521279;4;25.82000000000005;49.860000000000014;1018.2489999999999;18
2018-08-03 16:27:01.452460;6;27.730000000000018;39.00999999999999;1018.133;18
2018-08-03 16:27:02.241731;7;27.680000000000007;40.94;1018.2080000000001;18
2018-08-03 16:27:02.874535;8;28.090000000000032;39.19999999999999;1018.1530000000001;18
2018-08-03 16:27:03.518644;9;27.28000000000003;43.099999999999994;1018.2860000000001;18
2018-08-03 16:27:04.225366;10;27.52000000000004;41.22999999999999;1018.19;18
2018-08-03 16:27:04.906660;1;25.54000000000002;49.849999999999994;1018.2620000000001;19
2018-08-03 16:27:08.184220;3;26.170000000000016;50.099999999999994;1018.2350000000001;19
2018-08-03 16:27:08.986997;4;25.82000000000005;49.849999999999994;1018.2790000000001;19
2018-08-03 16:27:11.942659;6;27.730000000000018;39.02000000000001;1018.213;19
2018-08-03 16:27:12.727951;7;27.689999999999998;40.849999999999994;1018.1980000000001;19
2018-08-03 16:27:13.479638;8;28.100000000000023;39.120000000000005;1018.1830000000001;19
2018-08-03 16:27:14.185054;9;27.28000000000003;43.09;1018.2360000000001;19
2018-08-03 16:27:14.903401;10;27.52000000000004;41.28999999999999;1018.21;19
2018-08-03 16:27:15.584395;1;25.54000000000002;49.879999999999995;1018.2320000000001;20
2018-08-03 16:27:16.383378;2;26.03000000000003;49.139999999999986;1018.2019999999999;20
2018-08-03 16:27:16.763559;3;26.180000000000007;50.27000000000001;1018.2550000000001;20
2018-08-03 16:27:17.144146;4;25.82000000000005;49.80000000000001;1018.2790000000001;20
2018-08-03 16:27:19.802968;6;27.720000000000027;39.02000000000001;1018.133;20
2018-08-03 16:27:20.566933;7;27.680000000000007;40.97;1018.2080000000001;20
2018-08-03 16:27:21.388908;8;28.100000000000023;39.08000000000001;1018.1730000000001;20
2018-08-03 16:27:22.068809;9;27.28000000000003;43.06999999999999;1018.1659999999999;20
2018-08-03 16:27:22.755496;10;27.52000000000004;41.400000000000006;1018.21;20
2018-08-03 16:27:23.436097;1;25.55000000000001;49.80000000000001;1018.2120000000001;21
2018-08-03 16:27:23.816857;2;26.03000000000003;49.08000000000001;1018.2420000000001;21
2018-08-03 16:27:24.196902;3;26.189999999999998;50.22;1018.2150000000001;21
2018-08-03 16:27:24.835848;4;25.83000000000004;49.94999999999999;1018.2489999999999;21
2018-08-03 16:27:27.692891;6;27.720000000000027;39.03;1018.183;21
2018-08-03 16:27:28.463842;7;27.680000000000007;40.94;1018.1880000000001;21
2018-08-03 16:27:29.255011;8;28.100000000000023;39.08000000000001;1018.1930000000001;21
2018-08-03 16:27:29.926846;9;27.28000000000003;43.05000000000001;1018.2159999999999;21
2018-08-03 16:27:30.606920;10;27.52000000000004;41.43000000000001;1018.19;21
2018-08-03 16:27:31.287434;1;25.54000000000002;49.879999999999995;1018.2420000000001;22
2018-08-03 16:27:31.667651;2;26.03000000000003;49.09;1018.2119999999999;22
2018-08-03 16:27:32.048186;3;26.200000000000045;50.19999999999999;1018.185;22
2018-08-03 16:27:32.428727;4;25.850000000000023;50.59;1018.2790000000001;22
2018-08-03 16:27:32.808678;5;25.57000000000005;50.72999999999999;1018.37;22
2018-08-03 16:27:34.697455;7;27.680000000000007;40.91;1018.1780000000001;22
2018-08-03 16:27:35.452768;8;28.100000000000023;39.16;1018.1530000000001;22
2018-08-03 16:27:36.152045;9;27.28000000000003;43.06999999999999;1018.2260000000001;22
2018-08-03 16:27:36.959194;10;27.510000000000048;41.31;1018.21;22
2018-08-03 16:27:37.639561;1;25.55000000000001;49.91;1018.2520000000001;23
2018-08-03 16:27:38.019996;2;26.03000000000003;49.02000000000001;1018.282;23
2018-08-03 16:27:38.400477;3;26.189999999999998;50.31;1018.2350000000001;23
2018-08-03 16:27:40.258623;5;25.560000000000002;50.74000000000001;1018.37;23
2018-08-03 16:27:40.911514;6;27.720000000000027;39.03999999999999;1018.143;23
2018-08-03 16:27:41.646756;7;27.680000000000007;40.900000000000006;1018.238;23
2018-08-03 16:27:42.334653;8;28.100000000000023;39.16999999999999;1018.2030000000001;23
2018-08-03 16:27:43.150615;9;27.28000000000003;43.08000000000001;1018.1959999999999;23
2018-08-03 16:27:43.825930;10;27.510000000000048;41.25999999999999;1018.22;23
2018-08-03 16:27:44.507176;1;25.54000000000002;49.870000000000005;1018.1920000000001;24
2018-08-03 16:27:44.887381;2;26.03000000000003;49.0;1018.2319999999999;24
2018-08-03 16:27:45.267668;3;26.189999999999998;50.21000000000001;1018.2450000000001;24
2018-08-03 16:27:45.648091;4;25.870000000000005;49.81999999999999;1018.2289999999999;24
2018-08-03 16:27:48.526451;6;27.720000000000027;39.03999999999999;1018.143;24
2018-08-03 16:27:49.166031;7;27.680000000000007;40.91999999999999;1018.1980000000001;24
2018-08-03 16:27:49.983179;8;28.100000000000023;39.16999999999999;1018.1730000000001;24
2018-08-03 16:27:50.639155;9;27.28000000000003;43.09;1018.2059999999999;24
2018-08-03 16:27:51.454143;10;27.510000000000048;41.22999999999999;1018.19;24
2018-08-03 16:27:52.134767;1;25.54000000000002;50.33000000000001;1018.272;25
2018-08-03 16:27:52.515607;2;26.03000000000003;48.99000000000001;1018.312;25
2018-08-03 16:27:52.895489;3;26.180000000000007;50.150000000000006;1018.2450000000001;25
2018-08-03 16:27:53.276080;4;25.870000000000005;49.91;1018.179;25
2018-08-03 16:27:54.079668;5;25.560000000000002;50.69999999999999;1018.4;25
2018-08-03 16:27:54.768781;6;27.710000000000036;39.03999999999999;1018.1030000000001;25
2018-08-03 16:27:55.404008;7;27.680000000000007;40.94;1018.1680000000001;25
2018-08-03 16:27:56.231619;8;28.110000000000014;39.22;1018.1830000000001;25
2018-08-03 16:27:56.955912;9;27.28000000000003;43.110000000000014;1018.1859999999999;25
2018-08-03 16:27:57.756305;10;27.510000000000048;41.24000000000001;1018.2;25
2018-08-03 16:27:58.436898;1;25.54000000000002;49.99000000000001;1018.1820000000001;26
2018-08-03 16:27:58.817786;2;26.03000000000003;49.09;1018.1819999999999;26
2018-08-03 16:27:59.197705;3;26.180000000000007;50.66;1018.2049999999999;26
2018-08-03 16:27:59.578552;4;25.860000000000014;50.120000000000005;1018.2890000000001;26
2018-08-03 16:28:01.060869;6;27.710000000000036;39.05000000000001;1018.153;26
2018-08-03 16:28:01.710956;7;27.680000000000007;40.91999999999999;1018.2180000000001;26
2018-08-03 16:28:02.347168;8;28.110000000000014;39.19999999999999;1018.1630000000001;26
2018-08-03 16:28:03.117434;9;27.28000000000003;43.120000000000005;1018.1959999999999;26
2018-08-03 16:28:03.796305;10;27.510000000000048;41.25999999999999;1018.19;26
2018-08-03 16:28:04.477606;1;25.54000000000002;50.06;1018.2220000000001;27
2018-08-03 16:28:04.857857;2;26.03000000000003;49.09;1018.2620000000001;27
2018-08-03 16:28:05.237974;3;26.170000000000016;50.66999999999999;1018.1949999999999;27
2018-08-03 16:28:05.618241;4;25.860000000000014;49.849999999999994;1018.2489999999999;27
2018-08-03 16:28:08.377988;6;27.710000000000036;39.05000000000001;1018.143;27
2018-08-03 16:28:09.021726;7;27.680000000000007;40.91;1018.1680000000001;27
2018-08-03 16:28:09.700407;8;28.110000000000014;39.16999999999999;1018.1930000000001;27
2018-08-03 16:28:10.412233;9;27.27000000000004;43.120000000000005;1018.1959999999999;27
2018-08-03 16:28:11.151825;10;27.5;41.25;1018.1700000000001;27
2018-08-03 16:28:11.833011;1;25.54000000000002;49.860000000000014;1018.2420000000001;28
2018-08-03 16:28:12.212934;2;26.03000000000003;49.08000000000001;1018.2319999999999;28
2018-08-03 16:28:12.593531;3;26.170000000000016;50.56;1018.2150000000001;28
2018-08-03 16:28:12.973669;4;25.870000000000005;50.46000000000001;1018.2690000000001;28
2018-08-03 16:28:15.839943;6;27.700000000000045;39.06;1018.143;28
2018-08-03 16:28:16.603785;7;27.680000000000007;40.91;1018.1479999999999;28
2018-08-03 16:28:17.402147;8;28.100000000000023;39.19;1018.1830000000001;28
2018-08-03 16:28:18.049205;9;27.27000000000004;43.120000000000005;1018.1959999999999;28
2018-08-03 16:28:18.688077;10;27.5;41.25;1018.2;28
2018-08-03 16:28:19.368685;1;25.55000000000001;49.879999999999995;1018.2420000000001;29
2018-08-03 16:28:19.748852;2;26.03000000000003;49.16999999999999;1018.2119999999999;29
2018-08-03 16:28:20.129431;3;26.170000000000016;50.55000000000001;1018.2250000000001;29
2018-08-03 16:28:20.510021;4;25.860000000000014;50.16999999999999;1018.2890000000001;29
2018-08-03 16:28:23.444873;6;27.700000000000045;39.06;1018.183;29
2018-08-03 16:28:24.215999;7;27.680000000000007;40.94;1018.1379999999999;29
2018-08-03 16:28:24.965703;8;28.100000000000023;39.19999999999999;1018.1330000000002;29
2018-08-03 16:28:25.697425;9;27.27000000000004;43.120000000000005;1018.126;29
2018-08-03 16:28:26.376195;10;27.5;41.22999999999999;1018.1700000000001;29
2018-08-03 16:28:27.056922;1;25.560000000000002;49.900000000000006;1018.1820000000001;30
2018-08-03 16:28:27.437156;2;26.03000000000003;49.18000000000001;1018.1719999999999;30
2018-08-03 16:28:27.817744;3;26.170000000000016;50.72999999999999;1018.2250000000001;30
2018-08-03 16:28:28.197898;4;25.870000000000005;49.629999999999995;1018.2690000000001;30
2018-08-03 16:28:33.158355;7;27.680000000000007;40.94999999999999;1018.1880000000001;30
2018-08-03 16:28:33.947614;8;28.100000000000023;39.24000000000001;1018.1530000000001;30
2018-08-03 16:28:34.679572;9;27.27000000000004;43.129999999999995;1018.1859999999999;30
2018-08-03 16:28:35.353304;10;27.5;41.22;1018.19;30
2018-08-03 16:28:36.033916;1;25.57000000000005;49.74000000000001;1018.2420000000001;31
2018-08-03 16:28:36.414745;2;26.04000000000002;49.19;1018.2319999999999;31
2018-08-03 16:28:36.794860;3;26.170000000000016;50.5;1018.165;31
2018-08-03 16:28:37.175648;4;25.870000000000005;49.94999999999999;1018.2489999999999;31
2018-08-03 16:28:40.638783;6;27.689999999999998;39.06;1018.153;31
2018-08-03 16:28:41.433670;7;27.680000000000007;40.96000000000001;1018.1680000000001;31
2018-08-03 16:28:42.080454;8;28.090000000000032;39.22999999999999;1018.1930000000001;31
2018-08-03 16:28:42.777677;9;27.27000000000004;43.150000000000006;1018.2159999999999;31
2018-08-03 16:28:43.485987;10;27.49000000000001;41.22999999999999;1018.1300000000001;31
2018-08-03 16:28:44.167190;1;25.57000000000005;49.69999999999999;1018.1920000000001;32
2018-08-03 16:28:44.547058;2;26.03000000000003;49.150000000000006;1018.2520000000001;32
2018-08-03 16:28:44.927629;3;26.170000000000016;50.55000000000001;1018.2150000000001;32
2018-08-03 16:28:45.308208;4;25.870000000000005;50.46000000000001;1018.2489999999999;32
2018-08-03 16:28:48.065219;6;27.689999999999998;39.06999999999999;1018.123;32
2018-08-03 16:28:48.843108;7;27.680000000000007;40.94999999999999;1018.1479999999999;32
2018-08-03 16:28:49.496305;8;28.100000000000023;39.22;1018.1630000000001;32
2018-08-03 16:28:50.200776;9;27.260000000000048;43.150000000000006;1018.116;32
2018-08-03 16:28:50.945055;10;27.5;41.25;1018.22;32
2018-08-03 16:28:51.625739;1;25.57000000000005;49.91999999999999;1018.2220000000001;33
2018-08-03 16:28:52.006177;2;26.04000000000002;49.099999999999994;1018.2420000000001;33
2018-08-03 16:28:52.386883;3;26.170000000000016;50.78999999999999;1018.2049999999999;33
2018-08-03 16:28:52.767030;4;25.860000000000014;50.09;1018.189;33
2018-08-03 16:28:55.556089;6;27.689999999999998;39.08000000000001;1018.0930000000001;33
2018-08-03 16:28:56.231965;7;27.680000000000007;40.91999999999999;1018.1279999999999;33
2018-08-03 16:28:57.050352;8;28.100000000000023;39.18000000000001;1018.1129999999999;33
2018-08-03 16:28:58.215643;9;27.27000000000004;43.16999999999999;1018.1859999999999;33
2018-08-03 16:28:58.905415;10;27.49000000000001;41.389999999999986;1018.1600000000001;33
2018-08-03 16:28:59.586520;1;25.57000000000005;50.16999999999999;1018.1820000000001;34
2018-08-03 16:28:59.966764;2;26.04000000000002;49.06;1018.2019999999999;34
2018-08-03 16:29:00.346994;3;26.200000000000045;50.77000000000001;1018.175;34
2018-08-03 16:29:00.727266;4;25.860000000000014;49.69999999999999;1018.2289999999999;34
2018-08-03 16:29:03.552680;6;27.680000000000007;39.099999999999994;1018.123;34
2018-08-03 16:29:04.287775;7;27.680000000000007;40.91999999999999;1018.1880000000001;34
2018-08-03 16:29:04.997000;8;28.100000000000023;39.16999999999999;1018.1630000000001;34
2018-08-03 16:29:05.771046;9;27.27000000000004;43.150000000000006;1018.1859999999999;34
2018-08-03 16:29:06.575553;10;27.49000000000001;41.370000000000005;1018.21;34
2018-08-03 16:29:07.256434;1;25.57000000000005;50.0;1018.1720000000001;35
2018-08-03 16:29:10.100408;3;26.189999999999998;50.03;1018.175;35
2018-08-03 16:29:10.879329;4;25.850000000000023;49.849999999999994;1018.2690000000001;35
2018-08-03 16:29:15.887749;7;27.670000000000016;40.91999999999999;1018.1780000000001;35
2018-08-03 16:29:16.604461;8;28.100000000000023;39.18000000000001;1018.1230000000002;35
2018-08-03 16:29:17.255663;9;27.27000000000004;43.150000000000006;1018.1859999999999;35
2018-08-03 16:29:17.916392;10;27.49000000000001;41.34;1018.1700000000001;35
2018-08-03 16:29:18.597263;1;25.57000000000005;49.870000000000005;1018.1920000000001;36
2018-08-03 16:29:21.351513;3;26.180000000000007;50.33000000000001;1018.155;36
2018-08-03 16:29:22.044361;4;25.840000000000032;49.96000000000001;1018.2189999999999;36
2018-08-03 16:29:23.844860;5;25.53000000000003;50.81;1018.36;36
2018-08-03 16:29:24.587105;6;27.670000000000016;39.120000000000005;1018.113;36
2018-08-03 16:29:25.277681;7;27.680000000000007;40.94999999999999;1018.1680000000001;36
2018-08-03 16:29:26.001820;8;28.110000000000014;39.19999999999999;1018.1129999999999;36
2018-08-03 16:29:26.806665;9;27.27000000000004;43.150000000000006;1018.1759999999999;36
2018-08-03 16:29:27.529520;10;27.49000000000001;41.31999999999999;1018.1200000000001;36
2018-08-03 16:29:28.210532;1;25.58000000000004;49.94999999999999;1018.1820000000001;37
2018-08-03 16:29:28.590949;2;26.03000000000003;49.03;1018.2119999999999;37
2018-08-03 16:29:28.971219;3;26.170000000000016;50.22999999999999;1018.145;37
2018-08-03 16:29:29.351777;4;25.840000000000032;50.71000000000001;1018.2289999999999;37
2018-08-03 16:29:32.255576;6;27.670000000000016;39.120000000000005;1018.0730000000001;37
2018-08-03 16:29:32.928620;7;27.680000000000007;40.94999999999999;1018.1579999999999;37
2018-08-03 16:29:33.632107;8;28.110000000000014;39.19;1018.1530000000001;37
2018-08-03 16:29:34.335128;9;27.27000000000004;43.16999999999999;1018.1959999999999;37
2018-08-03 16:29:35.071634;10;27.49000000000001;41.31999999999999;1018.1400000000001;37
2018-08-03 16:29:35.752610;1;25.58000000000004;49.94999999999999;1018.1820000000001;38
2018-08-03 16:29:36.132417;2;26.03000000000003;49.08000000000001;1018.1819999999999;38
2018-08-03 16:29:36.513357;3;26.170000000000016;50.21000000000001;1018.185;38
2018-08-03 16:29:36.893377;4;25.840000000000032;50.24000000000001;1018.199;38
2018-08-03 16:29:39.780765;6;27.670000000000016;39.129999999999995;1018.123;38
2018-08-03 16:29:40.570848;7;27.680000000000007;40.96000000000001;1018.1279999999999;38
2018-08-03 16:29:41.276280;8;28.110000000000014;39.22;1018.1630000000001;38
2018-08-03 16:29:41.967386;9;27.260000000000048;43.16999999999999;1018.156;38
2018-08-03 16:29:42.606716;10;27.49000000000001;41.28;1018.1500000000001;38
2018-08-03 16:29:43.286840;1;25.57000000000005;49.71000000000001;1018.1419999999999;39
2018-08-03 16:29:43.667802;2;26.02000000000004;49.03;1018.1719999999999;39
2018-08-03 16:29:44.048075;3;26.180000000000007;50.21000000000001;1018.2049999999999;39
2018-08-03 16:29:44.428141;4;25.850000000000023;50.150000000000006;1018.2489999999999;39
2018-08-03 16:29:47.335791;6;27.660000000000025;39.129999999999995;1018.0730000000001;39
2018-08-03 16:29:48.132708;7;27.680000000000007;40.97;1018.1479999999999;39
2018-08-03 16:29:48.943241;8;28.100000000000023;39.25;1018.1230000000002;39
2018-08-03 16:29:50.007925;9;27.260000000000048;43.18000000000001;1018.116;39
2018-08-03 16:29:50.754440;10;27.480000000000018;41.28;1018.1800000000001;39
2018-08-03 16:29:51.435213;1;25.560000000000002;49.620000000000005;1018.1720000000001;40
2018-08-03 16:29:51.815678;2;26.02000000000004;48.96000000000001;1018.1719999999999;40
2018-08-03 16:29:52.195969;3;26.180000000000007;50.120000000000005;1018.175;40
2018-08-03 16:29:52.576153;4;25.840000000000032;49.66999999999999;1018.2189999999999;40
2018-08-03 16:29:55.406236;6;27.660000000000025;39.129999999999995;1018.1030000000001;40
2018-08-03 16:29:56.166001;7;27.680000000000007;40.97999999999999;1018.1379999999999;40
2018-08-03 16:29:56.807741;8;28.100000000000023;39.25999999999999;1018.1430000000001;40
2018-08-03 16:29:57.631576;9;27.260000000000048;43.19;1018.146;40
2018-08-03 16:29:58.448693;10;27.480000000000018;41.27000000000001;1018.1500000000001;40
2018-08-03 16:29:59.129931;1;25.560000000000002;49.650000000000006;1018.1720000000001;41
2018-08-03 16:29:59.510132;2;26.02000000000004;48.96000000000001;1018.1819999999999;41
2018-08-03 16:29:59.889899;3;26.189999999999998;50.46000000000001;1018.155;41
2018-08-03 16:30:00.270531;4;25.83000000000004;49.75999999999999;1018.2189999999999;41
2018-08-03 16:30:03.029927;6;27.650000000000034;39.139999999999986;1018.0930000000001;41
2018-08-03 16:30:03.704840;7;27.670000000000016;40.97999999999999;1018.1179999999999;41
2018-08-03 16:30:04.387602;8;28.100000000000023;39.25999999999999;1018.073;41
2018-08-03 16:30:05.023143;9;27.27000000000004;43.21000000000001;1018.1959999999999;41
2018-08-03 16:30:05.721480;10;27.480000000000018;41.30000000000001;1018.1600000000001;41
2018-08-03 16:30:06.402089;1;25.560000000000002;49.78999999999999;1018.1920000000001;42
2018-08-03 16:30:07.219071;2;26.02000000000004;49.02000000000001;1018.1719999999999;42
2018-08-03 16:30:07.599323;3;26.200000000000045;50.30000000000001;1018.145;42
2018-08-03 16:30:07.979877;4;25.840000000000032;50.16;1018.2489999999999;42
2018-08-03 16:30:10.826890;6;27.650000000000034;39.139999999999986;1018.113;42
2018-08-03 16:30:11.602166;7;27.670000000000016;40.97999999999999;1018.1379999999999;42
2018-08-03 16:30:12.427056;8;28.100000000000023;39.25999999999999;1018.053;42
2018-08-03 16:30:13.256469;9;27.260000000000048;43.19;1018.156;42
2018-08-03 16:30:14.030278;10;27.480000000000018;41.30000000000001;1018.1600000000001;42
2018-08-03 16:30:14.710775;1;25.560000000000002;49.610000000000014;1018.2020000000001;43
2018-08-03 16:30:15.091731;2;26.010000000000048;49.00999999999999;1018.1619999999999;43
2018-08-03 16:30:15.471840;3;26.200000000000045;50.19;1018.1949999999999;43
2018-08-03 16:30:15.852111;4;25.850000000000023;50.620000000000005;1018.209;43
2018-08-03 16:30:18.577754;6;27.650000000000034;39.139999999999986;1018.0630000000001;43
2018-08-03 16:30:19.368875;7;27.670000000000016;41.00999999999999;1018.1179999999999;43
2018-08-03 16:30:20.086903;8;28.110000000000014;39.28999999999999;1018.103;43
2018-08-03 16:30:20.897551;9;27.260000000000048;43.19;1018.1759999999999;43
2018-08-03 16:30:21.674779;10;27.480000000000018;41.28;1018.1200000000001;43
2018-08-03 16:30:22.355473;1;25.560000000000002;49.77000000000001;1018.1720000000001;44
2018-08-03 16:30:22.735541;2;26.010000000000048;49.02000000000001;1018.1419999999999;44
2018-08-03 16:30:23.115790;3;26.200000000000045;50.150000000000006;1018.175;44
2018-08-03 16:30:23.496507;4;25.850000000000023;50.150000000000006;1018.2890000000001;44
2018-08-03 16:30:26.232561;6;27.650000000000034;39.150000000000006;1018.113;44
2018-08-03 16:30:26.897765;7;27.670000000000016;41.02000000000001;1018.088;44
2018-08-03 16:30:27.531513;8;28.100000000000023;39.33000000000001;1018.1430000000001;44
2018-08-03 16:30:28.323667;9;27.260000000000048;43.22;1018.1659999999999;44
2018-08-03 16:30:29.047561;10;27.480000000000018;41.28;1018.1500000000001;44
2018-08-03 16:30:29.728175;1;25.560000000000002;49.83000000000001;1018.1820000000001;45
2018-08-03 16:30:30.108320;2;26.0;49.09;1018.1519999999999;45
2018-08-03 16:30:30.488984;3;26.200000000000045;50.25999999999999;1018.1949999999999;45
2018-08-03 16:30:30.869403;4;25.850000000000023;49.639999999999986;1018.209;45
2018-08-03 16:30:33.813845;6;27.640000000000043;39.150000000000006;1018.123;45
2018-08-03 16:30:34.593080;7;27.670000000000016;41.02000000000001;1018.048;45
2018-08-03 16:30:35.233692;8;28.100000000000023;39.31;1018.103;45
2018-08-03 16:30:35.983465;9;27.260000000000048;43.24000000000001;1018.1859999999999;45
2018-08-03 16:30:36.721471;10;27.470000000000027;41.31999999999999;1018.1400000000001;45
2018-08-03 16:30:37.402370;1;25.57000000000005;49.97999999999999;1018.1920000000001;46
2018-08-03 16:30:37.783021;2;26.010000000000048;49.25999999999999;1018.2019999999999;46
2018-08-03 16:30:38.163104;3;26.210000000000036;50.150000000000006;1018.125;46
2018-08-03 16:30:38.543314;4;25.850000000000023;50.02000000000001;1018.2690000000001;46
2018-08-03 16:30:41.540431;6;27.640000000000043;39.16;1018.123;46
2018-08-03 16:30:42.241709;7;27.670000000000016;41.00999999999999;1018.1479999999999;46
2018-08-03 16:30:43.059486;8;28.100000000000023;39.31999999999999;1018.1230000000002;46
2018-08-03 16:30:43.720957;9;27.260000000000048;43.24000000000001;1018.116;46
2018-08-03 16:30:44.376278;10;27.470000000000027;41.34;1018.1600000000001;46
2018-08-03 16:30:45.056837;1;25.560000000000002;49.71000000000001;1018.1419999999999;47
2018-08-03 16:30:45.437409;2;26.010000000000048;49.16999999999999;1018.1619999999999;47
2018-08-03 16:30:45.817697;3;26.210000000000036;49.91999999999999;1018.175;47
2018-08-03 16:30:46.198142;4;25.840000000000032;49.72999999999999;1018.2289999999999;47
2018-08-03 16:30:48.981818;6;27.640000000000043;39.16;1018.0830000000001;47
2018-08-03 16:30:49.620448;7;27.670000000000016;41.03;1018.2080000000001;47
2018-08-03 16:30:50.309722;8;28.100000000000023;39.31;1018.103;47
2018-08-03 16:30:51.037523;9;27.260000000000048;43.25;1018.146;47
2018-08-03 16:30:51.801341;10;27.470000000000027;41.34;1018.1200000000001;47
2018-08-03 16:30:52.481855;1;25.55000000000001;49.69999999999999;1018.1419999999999;48
2018-08-03 16:30:52.862750;2;26.0;49.24000000000001;1018.1919999999999;48
2018-08-03 16:30:53.242603;3;26.210000000000036;49.91999999999999;1018.145;48
2018-08-03 16:30:53.623170;4;25.83000000000004;50.110000000000014;1018.199;48
2018-08-03 16:30:56.515719;6;27.640000000000043;39.16999999999999;1018.0830000000001;48
2018-08-03 16:30:57.219162;7;27.670000000000016;41.0;1018.1579999999999;48
2018-08-03 16:30:57.964954;8;28.100000000000023;39.31999999999999;1018.1330000000002;48
2018-08-03 16:30:58.615423;9;27.25;43.25;1018.156;48
2018-08-03 16:30:59.443835;10;27.470000000000027;41.360000000000014;1018.1400000000001;48
2018-08-03 16:31:00.124103;1;25.54000000000002;49.66;1018.1520000000002;49
2018-08-03 16:31:00.504883;2;25.99000000000001;49.22;1018.1819999999999;49
2018-08-03 16:31:00.884795;3;26.220000000000027;50.150000000000006;1018.175;49
2018-08-03 16:31:01.265699;4;25.83000000000004;49.650000000000006;1018.209;49
2018-08-03 16:31:04.196822;6;27.629999999999995;39.19;1018.123;49
2018-08-03 16:31:04.962789;7;27.670000000000016;41.02000000000001;1018.1379999999999;49
2018-08-03 16:31:05.611504;8;28.090000000000032;39.31;1018.083;49
2018-08-03 16:31:06.260947;9;27.25;43.25999999999999;1018.156;49
2018-08-03 16:31:07.327556;10;27.470000000000027;41.349999999999994;1018.1500000000001;49
2018-08-03 16:31:08.008571;1;25.55000000000001;49.78999999999999;1018.2120000000001;50
2018-08-03 16:31:08.388624;2;26.0;49.16;1018.1719999999999;50
2018-08-03 16:31:08.768554;3;26.220000000000027;49.93000000000001;1018.135;50
2018-08-03 16:31:09.149156;4;25.82000000000005;49.91999999999999;1018.169;50
2018-08-03 16:31:11.145733;6;27.629999999999995;39.19;1018.0830000000001;50
2018-08-03 16:31:11.820820;7;27.670000000000016;41.02000000000001;1018.108;50
2018-08-03 16:31:12.494922;8;28.100000000000023;39.31;1018.083;50
2018-08-03 16:31:13.319497;9;27.25;43.28;1018.156;50
2018-08-03 16:31:14.029786;10;27.470000000000027;41.400000000000006;1018.1300000000001;50
2018-08-03 16:31:14.710806;1;25.55000000000001;49.91999999999999;1018.1620000000001;51
2018-08-03 16:31:15.091242;2;26.0;49.06;1018.1619999999999;51
2018-08-03 16:31:15.471200;3;26.220000000000027;50.400000000000006;1018.125;51
2018-08-03 16:31:15.852023;4;25.810000000000002;49.620000000000005;1018.209;51
2018-08-03 16:31:17.323154;5;25.52000000000004;50.72999999999999;1018.3000000000001;51
2018-08-03 16:31:18.005276;6;27.629999999999995;39.19999999999999;1018.0930000000001;51
2018-08-03 16:31:18.682785;7;27.670000000000016;41.00999999999999;1018.108;51
2018-08-03 16:31:19.333027;8;28.090000000000032;39.30000000000001;1018.093;51
2018-08-03 16:31:20.148000;9;27.25;43.25999999999999;1018.126;51
2018-08-03 16:31:20.938841;10;27.460000000000036;41.400000000000006;1018.1100000000001;51
2018-08-03 16:31:21.620069;1;25.55000000000001;49.93000000000001;1018.1720000000001;52
2018-08-03 16:31:22.000341;2;25.99000000000001;49.22;1018.132;52
2018-08-03 16:31:22.380765;3;26.220000000000027;50.41;1018.155;52
2018-08-03 16:31:22.760676;4;25.80000000000001;49.72999999999999;1018.169;52
2018-08-03 16:31:24.742369;6;27.629999999999995;39.19999999999999;1018.0930000000001;52
2018-08-03 16:31:25.477102;7;27.670000000000016;41.16;1018.098;52
2018-08-03 16:31:26.144805;8;28.100000000000023;39.25999999999999;1018.1129999999999;52
2018-08-03 16:31:26.937522;9;27.25;43.25999999999999;1018.1959999999999;52
2018-08-03 16:31:27.707937;10;27.460000000000036;41.52000000000001;1018.1200000000001;52
2018-08-03 16:31:28.388784;1;25.560000000000002;49.94999999999999;1018.2220000000001;53
2018-08-03 16:31:28.768984;2;26.0;49.24000000000001;1018.1819999999999;53
2018-08-03 16:31:29.149640;3;26.220000000000027;50.25999999999999;1018.125;53
2018-08-03 16:31:29.529771;4;25.810000000000002;50.870000000000005;1018.189;53
2018-08-03 16:31:32.248395;6;27.629999999999995;39.19999999999999;1018.0430000000001;53
2018-08-03 16:31:32.904633;7;27.670000000000016;41.08000000000001;1018.1179999999999;53
2018-08-03 16:31:33.653759;8;28.090000000000032;39.349999999999994;1018.093;53
2018-08-03 16:31:34.388949;9;27.25;43.25;1018.136;53
2018-08-03 16:31:35.130242;10;27.460000000000036;41.41999999999999;1018.1300000000001;53
2018-08-03 16:31:35.810900;1;25.55000000000001;49.84;1018.1820000000001;54
2018-08-03 16:31:36.191319;2;26.010000000000048;49.59;1018.1919999999999;54
2018-08-03 16:31:36.571548;3;26.230000000000018;50.25;1018.145;54
2018-08-03 16:31:36.952356;4;25.840000000000032;51.58000000000001;1018.2790000000001;54
2018-08-03 16:31:37.332317;5;25.54000000000002;52.5;1018.2700000000001;54
2018-08-03 16:31:38.008881;6;27.620000000000005;39.21000000000001;1018.0630000000001;54
2018-08-03 16:31:38.760643;7;27.660000000000025;41.08000000000001;1018.1379999999999;54
2018-08-03 16:31:39.435445;8;28.100000000000023;39.41999999999999;1018.1230000000002;54
2018-08-03 16:31:40.186363;9;27.25;43.24000000000001;1018.1659999999999;54
2018-08-03 16:31:40.949195;10;27.460000000000036;41.370000000000005;1018.1100000000001;54
2018-08-03 16:31:41.630039;1;25.55000000000001;49.78;1018.1820000000001;55
2018-08-03 16:31:42.010673;2;26.010000000000048;49.28999999999999;1018.2119999999999;55
2018-08-03 16:31:42.390586;3;26.24000000000001;50.50999999999999;1018.155;55
2018-08-03 16:31:42.771042;4;25.860000000000014;51.21000000000001;1018.209;55
2018-08-03 16:31:43.151583;5;25.560000000000002;52.31999999999999;1018.2900000000001;55
2018-08-03 16:31:43.811762;6;27.620000000000005;39.19999999999999;1018.0930000000001;55
2018-08-03 16:31:44.548588;7;27.660000000000025;41.09;1018.108;55
2018-08-03 16:31:45.234017;8;28.090000000000032;39.47999999999999;1018.1129999999999;55
2018-08-03 16:31:45.928117;9;27.25;43.25999999999999;1018.156;55
2018-08-03 16:31:46.579030;10;27.460000000000036;41.349999999999994;1018.1500000000001;55
2018-08-03 16:31:47.259819;1;25.54000000000002;49.83000000000001;1018.1520000000002;56
2018-08-03 16:31:47.639800;2;26.010000000000048;49.25999999999999;1018.1819999999999;56
2018-08-03 16:31:48.020246;3;26.25;50.31;1018.155;56
2018-08-03 16:31:48.400478;4;25.879999999999995;51.08000000000001;1018.179;56
2018-08-03 16:31:50.176286;6;27.620000000000005;39.21000000000001;1018.0830000000001;56
2018-08-03 16:31:50.859019;7;27.670000000000016;41.099999999999994;1018.1379999999999;56
2018-08-03 16:31:51.626962;8;28.090000000000032;39.47999999999999;1018.1230000000002;56
2018-08-03 16:31:52.344634;9;27.24000000000001;43.30000000000001;1018.136;56
2018-08-03 16:31:53.042999;10;27.460000000000036;41.349999999999994;1018.1800000000001;56
2018-08-03 16:31:53.723801;1;25.55000000000001;49.84;1018.1419999999999;57
2018-08-03 16:31:56.698274;3;26.25;49.78;1018.155;57
2018-08-03 16:31:57.505187;4;25.890000000000043;50.629999999999995;1018.179;57
2018-08-03 16:32:00.413870;6;27.620000000000005;39.22;1018.0930000000001;57
2018-08-03 16:32:01.162311;7;27.670000000000016;41.08000000000001;1018.1279999999999;57
2018-08-03 16:32:01.802883;8;28.090000000000032;39.379999999999995;1018.1330000000002;57
2018-08-03 16:32:02.482139;9;27.24000000000001;43.31;1018.106;57
2018-08-03 16:32:03.140079;10;27.460000000000036;41.389999999999986;1018.1200000000001;57
